100
3 1 4
1100
1010
0000
1000
2 4 4
1111
1111
1111
0111
1011
1101
10 8 5
01111
01110
00101
11111
10110
11111
01000
01111
10100
00000
00011
00010
00100
11111
01100
00000
11011
11010
10 10 10
1100110110
0010100001
0110001100
0000010101
0001011001
0011101110
1100000000
0100111110
1100000010
0100010111
1000111000
0011011011
0010111111
0011001000
1100001000
1010001011
0110011100
0001101010
1111101101
0110110110
10 10 10
1011011111
1100110010
1100110011
1011011111
1100110010
1100110010
1011011111
1100110011
1100110011
1100110010
0001011101
1000101010
1111100010
1110001101
0010001011
0110001110
1110010111
1111011110
0100101100
1111010110
10 10 9
011010110
011010110
011010110
011010110
011010110
011010110
011010110
011010110
011010110
011010110
011010110
011110110
001010110
011010111
010010110
011010010
011010100
011011110
011000110
111010110
10 10 5
10111
11011
11010
11100
11100
00000
01010
00111
00000
10111
11100
10111
00000
11111
11010
11011
01010
00111
10011
10101
10 10 8
10001010
10001110
01010010
00001010
10001011
01001010
10001000
01001010
11001010
00010010
00010010
10001000
01001010
00001010
10001110
01010010
10001011
10001010
11001010
10101010
10 7 3
101
110
101
000
000
111
000
111
001
000
100
010
110
000
101
001
111
10 10 4
0011
0011
0011
0011
0011
0011
0011
0011
0011
0011
0101
1011
1111
1010
0010
0111
0110
0001
0011
1001
10 10 5
00001
00001
01001
01001
01001
00001
01001
11010
00001
01001
01011
00011
11010
10001
00001
00000
01101
00101
11001
01001
1 10 10
0011001011
0000111001
1111000101
1110100010
0110001011
1011010001
0011101001
0011001011
0111100100
0100101110
1001001000
10 10 10
0001110101
1011011100
1000110001
0101110010
0001110000
1100010111
1001001011
0111111111
0110100001
1000010011
1111001111
1001110110
0101000101
1101111100
0011001100
1110011110
0011011010
1000010011
0101010111
0010111111
6 10 9
010111111
100010000
001010111
100010111
111100010
101110001
010010111
000010010
011101011
111111000
001010111
111100101
001011011
000010111
000001101
101011010
10 10 10
1010001111
1101011010
0101001111
1110000011
1010101110
0011100100
0011000001
1011001111
0011011010
0100110001
0000100111
1010111100
1100111101
0100010110
1100100110
1001110011
1010111011
1011101110
1001110111
0101101100
1 1 4
0000
0000
10 10 10
1000110110
0111111110
1010110100
1010110110
0010110110
1000110100
1010110110
1010110110
1010110110
1110110001
1000110100
1010110110
1000110110
1010110100
0000110110
0111111110
1110110001
0010110110
1001110110
1100110110
10 10 9
111001111
110101101
101101100
111100000
101000101
001010000
011001000
100100001
001011010
100101101
011001000
001011010
110101101
101101100
111001111
100101101
101000101
001010000
100100001
111100000
10 10 7
0001001
1111101
0001110
0001001
0110000
0101101
1011000
0100001
0111000
1001100
0100001
1001001
1011000
0111000
0101101
0110000
0001001
1001100
0001110
1111101
10 10 10
1011101000
1011101011
1011101000
1011101100
1011101101
1011101001
1011111001
1011101001
1011111011
1011111011
1011101100
1011111001
0011101000
1011101011
1011101000
1011101101
1111101000
1011111011
1011101001
1001101000
10 10 10
1101011101
1011001110
1001010111
0101111100
1111001011
0000110111
0010100111
0010110001
0010111000
0100011100
0010111000
1101011101
0100011100
0101111100
0010110001
1111001011
0000110111
1001010111
0010100111
1011001110
10 10 10
0101110011
1101101001
1011001010
0111101101
1000010010
1101100010
1011010011
1111011100
1011111100
1101100011
0101110011
1111011100
1101100010
0111101101
1011111100
1011010011
1101100011
1101101001
1011001010
1000010010
1 10 10
0001101100
0000001000
1111101000
1101010000
0110110001
0000100100
1010111010
0011111011
1111010010
0001101100
1101111101
10 6 10
0101000101
0111111110
0100000111
0010001000
1101110111
0010111010
0011011011
1010110101
1110111110
0010011101
1110101001
0101001011
1100001001
0101011001
0111101000
1111000110
10 10 8
11011110
11001000
01110000
11001001
11110001
11110000
10110001
11001100
11100001
11001110
11110001
11001110
11001000
11100001
11001100
11011110
10110001
01110000
11001001
11110000
10 9 10
1001101111
0100011111
0110101011
1010000110
1011100001
1101011101
0101011010
1110100001
0000010111
0010001110
0111111011
1001000011
0110000010
1011010011
0001101011
1111110001
1000100101
0000000010
0101110010
10 10 6
101011
100111
001001
101001
100000
011011
100000
011000
000110
110110
101111
111001
111100
001101
110100
000110
100011
001001
010111
111110
10 10 9
001011110
101010111
101010010
011011010
100110010
000100111
001111101
110110100
001110011
101110100
001110011
101110100
001011110
101010111
110110100
011011010
001111101
100110010
101010010
000100111
10 2 4
1011
1111
1100
1101
1010
0111
1011
1100
1101
0101
0110
0101
10 3 2
00
01
01
10
01
01
11
01
01
00
10
00
01
10 10 9
010100100
101011100
100110011
101010001
110010011
110000000
111010011
011101000
010110010
100001101
110010011
100001101
110000000
101010001
101011100
111010011
010100100
100110011
011101000
010110010
1 1 10
1111111111
1111111111
10 10 6
001111
111100
010001
011000
100011
110010
010101
011110
100010
000001
001111
010001
010101
110010
111100
011000
011110
000001
100011
100010
10 10 10
1010111011
1010111011
1010111011
1010111011
1010111011
1010111011
1010111011
1010111011
1010111011
1010111011
1010010000
1011100100
1110100101
0001010101
1100110110
0000001110
0100001011
1011001111
0100100010
0011101001
10 10 6
010100
111101
010101
000000
111111
010001
110101
000000
000100
011100
010101
010001
110101
111111
111101
011100
000000
010100
000100
110100
10 3 2
11
01
11
10
00
00
00
10
10
01
01
11
10
10 10 8
00110101
11100011
00000000
00000110
01010001
00011001
11010110
11101110
00110000
11111111
00110101
11101110
11100011
11010110
00110000
11111111
00011001
00000000
01010001
00000110
10 10 10
0111101100
0100101100
1000111011
0010000000
1110000010
1110101100
1010001010
0110101100
1010000000
1010000010
1110000010
0100101100
1010000000
0111101100
0010000000
0110101100
1010001010
1010000010
1110101100
1000111011
10 1 8
10000110
01111001
01011011
00111111
10010011
11111101
10000010
11111001
00100001
00010001
00100011
10 10 8
11101100
11101000
11101000
11001000
11101010
11101000
11001100
10101000
01101000
11101000
11101100
11001100
11101010
10101000
11111100
01101100
01101000
11101000
10101100
11001000
10 10 5
01101
01101
01101
01101
01101
01101
01101
01101
01101
01101
11100
00101
01100
11101
01001
01111
01101
10101
11111
11001
1 10 10
1011101010
0001001110
0010111110
0101101000
1001100011
0110001110
1011111101
0100110011
1101011001
1011101010
0000110111
10 1 10
0010110101
1110101111
0001010011
0111100101
0101001100
1001100000
1110011110
1110000111
1110101001
0101101011
0001011101
10 10 4
1110
1111
0110
0110
0101
0111
1110
1110
0001
1110
1011
1010
0101
0111
1110
0110
1101
1100
1111
0001
10 10 8
11001011
11001010
10001010
11111000
11101011
00011100
01101010
11100011
01001010
11001011
11001011
00011100
01001010
11100011
11111000
01001011
11001010
01101010
11101011
10001010
10 10 7
0001010
0101010
0001010
0000110
0001100
0001110
0000010
0001110
0001111
0001110
1001010
0001010
0001100
0101010
0011010
0001000
0000010
0000110
0001111
0001110
10 10 9
100101100
000000100
101110111
110010000
010010000
011010000
110010101
010000011
011000110
111001111
010010000
100101100
110010101
011010000
111001111
010000011
101110111
011000110
110010000
000000100
10 10 5
10101
10101
10101
10101
10101
10101
10101
10101
10101
10101
10001
10101
00001
00111
01101
00101
10100
11101
00100
10111
4 6 10
1100101100
1111110110
1100101000
1000011011
1101101110
0100100101
0110011011
0001000000
1000110011
1110011100
10 10 7
0111011
0100110
0001001
1111010
1100101
1111111
1100111
0101100
0101100
1110110
0100110
1111111
1110110
0001001
1100101
1100111
1111010
0111011
1111011
0101100
10 10 7
0111010
1100000
1010000
0111011
1100001
1111100
0110000
1001011
0001000
0000100
0110000
1010000
0001000
0000100
1100000
1100001
0111010
1001011
1111100
0111011
10 10 4
1101
1101
1101
1101
1100
1100
1101
1100
1101
1100
1001
0111
1111
1100
1110
1101
0001
0101
0100
1000
6 1 10
1010000100
0100101111
1111101110
0101111001
1101100000
0110111101
0000100111
10 10 7
1100000
1000010
1101111
0110001
1111011
1100001
0000101
0000111
1011101
0010011
0110001
0000101
1100001
1011101
1111011
0010011
1101111
1100000
1000010
0000111
10 10 6
001110
010000
010101
011000
001111
000101
011000
100110
001101
110010
011000
010000
010101
000101
100110
001111
110010
001110
001101
101110
10 10 4
0101
0101
0101
0110
0101
0101
1111
0101
1111
0110
0111
0010
1110
1111
0001
0101
0110
0100
1101
1011
10 10 7
1100110
0011001
1001000
1100111
1110010
0100111
0111011
0101110
0111101
0111101
1100111
1100110
1110010
0011001
0101110
0111101
0111011
1001000
0100111
0100110
10 10 5
11001
11001
01011
11011
01000
11010
00000
11110
11101
01001
11110
00000
01001
10001
11010
01000
11011
01011
11101
11001
10 10 10
1110000011
0111000000
0101001000
0001010111
1011011010
0101010110
1110111011
0111100011
0101000010
0110110000
0101100111
1101000110
0011100011
1100110001
0011111110
1000000100
1101110000
0000111111
1001010101
0001000010
10 10 5
01110
01101
11011
01110
11100
00111
11101
11010
11100
10100
11101
11011
11010
10100
01110
01101
00110
11110
00111
11100
10 10 9
110011100
111000000
110011100
011000000
011000000
011000000
111011100
110011100
111111100
011000000
111111100
011000000
110111100
111011100
110010100
010011100
110001100
111000000
110011100
100011100
10 10 8
01011010
10011000
01001010
01111011
00011010
01111010
10010000
11011000
01011010
01111000
11011000
10010000
01111010
01111000
10011000
01111011
01011010
00011010
01001010
11011010
10 10 4
0111
0010
1111
0110
1110
1111
0101
0111
0011
0111
0011
0101
0010
1011
0111
1010
1110
0110
0000
1111
10 10 7
1110001
1100101
1011010
0001111
0011001
0010000
1010111
0000010
1000000
0010000
1000000
1110001
0001111
1010111
1100101
0010000
1011010
0011001
0110001
0000010
10 10 5
00001
00001
00001
00001
00001
00001
00001
00001
00001
00001
00011
00000
00001
10000
10001
10101
11001
10011
01001
00101
10 10 9
001010100
000010100
101010100
011010100
001010100
011000100
111010100
011011101
010010100
011010101
000010100
011000100
011011101
010010100
011010100
001010100
001110100
111010100
011010101
101010100
10 10 7
0100011
0100011
0100011
0100011
0100011
0100011
0100011
0100011
0100011
0100011
0100111
0100011
0000011
0100001
1100011
1000011
0110011
0101011
1110011
0100010
10 10 7
0011000
0000000
0011001
1001000
0001001
0001000
0101000
0001001
0011001
0001000
0010000
0001000
1001000
1011000
0011001
0000000
0111000
0101000
0001001
0011000
1 10 10
0100111101
0111101000
1010011101
1111101010
1101011011
1111010001
0011101010
0100111101
0000100011
0001101000
1000101001
10 10 5
00111
10011
11001
10011
10001
01011
10010
10010
10001
00011
10111
00011
01011
00101
00111
01111
10011
11001
10010
10001
10 10 4
1001
0101
0101
1101
1100
0100
0101
1101
1000
0001
1111
1011
0001
0100
1001
1101
0111
1100
0101
1000
10 10 10
0110010001
0110011001
1000001111
1110011010
1101111101
1100000001
1010101011
1110100000
0101000011
0101101011
1101111101
0101101011
1110011010
1100000001
0110010001
0101000011
1010101011
1110100000
0110011001
1000001111
10 10 9
001110011
100111010
011110101
001110101
101110010
101110110
011010101
001110001
101111010
001110111
001110111
001110101
001110001
011110101
101111010
100111010
101110110
001110011
101110010
011010101
10 10 10
1001000011
0100111010
1111101000
0011110110
0111110000
1000100000
1010000100
0010101011
0111111101
0000000011
0000000011
0011110110
0111110000
1001000011
1000100000
0111111101
1111101000
0100111010
1010000100
0010101011
2 10 10
0101101101
1111111100
1101111110
0111001010
1001110000
1111010110
1010001010
0100111000
0100011010
1100000000
1100000110
0000111110
10 10 5
01010
01010
00110
00001
11011
11101
01001
00001
00101
01111
01111
00001
11101
11011
11010
01001
01010
00101
00010
00110
2 4 6
011001
010001
101011
111111
011001
010001
10 7 3
011
001
101
110
101
000
000
000
010
100
011
000
101
110
100
001
010
10 10 10
0100001110
0110111100
0000010111
0000101010
0100101011
1101111100
1010000101
1100101101
0110010010
1000000101
0100001010
1110000110
0011011011
1011000010
1001101110
1000001110
0000111011
1110001001
1000001101
1110011001
10 10 8
10000110
10000111
11001111
00001011
01001000
11110001
10010000
00100011
00010100
00001000
10000110
10000111
00100011
11110001
00010100
01001000
00001011
11001111
00001000
10010000
10 10 8
00000101
10010010
11011100
00000100
11101010
11110000
11110001
00001111
01111111
11010111
10010010
00000101
01111111
11110000
11110001
00001111
11010111
11011100
00000100
11101010
10 10 8
11000100
10011111
11110110
01000000
01100010
10001111
10011111
10010101
01000010
10001010
01100010
01000010
10001111
01000000
10001010
10010101
10011111
01000100
11000100
11110110
10 1 1
0
1
1
1
0
1
0
0
0
1
0
10 10 4
0011
1000
0001
0011
1001
1011
1111
1010
0010
0001
0111
1010
0001
1001
0010
1011
0011
0000
1000
1111
10 10 5
00110
00010
00100
11110
01000
00000
00101
00100
10100
11100
10100
01000
11100
00101
00000
00110
00100
10110
00010
11110
10 10 9
001110110
101101110
001101111
001100111
001100110
001101110
001001111
001000110
101000110
101100111
001101110
001000110
001100110
001110110
001001111
101101110
001101111
001100111
101100111
101000110
10 10 9
001010101
001011101
001000101
001010111
001001101
001001001
001001101
000010101
001010100
001011101
101010101
001001101
011010101
001011101
001000101
001010111
001010100
001001001
000010101
001010101
10 10 9
111011001
000110011
100100000
100100001
101001010
011011001
111100100
111110111
101100111
100101011
100100001
011011001
111110111
101001010
100100000
100101011
000110011
111011001
111100100
101100111
10 10 10
0000111110
1000001011
1001011101
1111100110
0101101000
0011000110
1111000100
1000101010
0001111100
0000101110
1000001011
0011000110
1111000100
1111100110
0001111100
1001011101
0000101110
0000111110
1000101010
0101101000
10 10 8
01101001
01101001
01101001
01011100
01101001
01101001
01011100
01011100
01101001
01101001
11101001
01001001
01100001
01111001
01101011
00101001
01101101
01101001
01101000
01011100
1 1 1
1
1
10 10 8
01001101
00001100
10110110
00001100
11001100
11100110
00011100
10100110
01001100
01001110
10110110
10100110
01001101
11001100
11001101
00001100
01001100
11100110
00011100
01001110
10 10 7
0001110
1001001
1101111
0101000
1000000
0000010
0011111
0010100
0101011
1011111
1011111
0101011
1101111
0001110
1000000
0101000
0011111
1001001
0010100
0000010
10 10 5
10010
00000
01010
00110
01011
11011
11011
01001
01110
11110
11110
00010
01110
10010
01001
01010
11011
00000
00110
01011
10 10 7
1101101
1110001
0100111
1001110
1110100
1001101
1000101
1110100
0100001
0011101
1001110
0100111
0101101
1110100
1000101
0100001
1110001
0011101
1101101
1001101
10 10 4
1010
0000
1000
0101
1110
0100
1000
1101
1000
1010
1011
0010
1101
1000
0001
1010
0101
0100
1110
0000
1 10 10
0010000101
0000010100
1010000000
0010101101
0111101011
1100101110
0010000101
1101101110
0001101111
0110100101
1011101011
10 10 10
0001011100
0100001001
0001111111
1100110111
0000101101
1001100001
1111001100
0111100100
1010110000
1000000110
0001011110
1000111100
1011011010
0111100000
1101000111
1111010100
0100101010
0011100001
0010110111
0001111110
10 10 8
00011110
00111001
10011110
00011010
00011001
00011110
10011100
10111001
01011010
10011110
00011110
10011110
01011010
00011010
00111001
00011001
10111001
10011100
00111110
01011110
10 10 7
1111001
1101101
1111000
1111001
1101001
1100011
1101001
1100101
1100010
1100001
1100101
1101001
1101101
1011001
1100011
1100001
1111001
0111001
1100010
1111000
