100
3 1 4
1100
1010
0000
1000
2 4 4
1111
1111
1111
0111
1011
1101
10 10 10
0001010100
0010100011
0110000001
0011011110
1110011110
0001110000
1000000110
0110100010
1110001010
0100011010
0110100001
1000010001
0100101101
1110111100
0101100011
0011011011
0111011111
0000011011
0000011111
0001101001
10 10 9
111101010
111101010
111101010
111101010
111101010
111101010
111101010
111101010
111101010
111101010
111101010
111001010
011101010
101101010
111101000
111111010
111101011
111100010
110101010
111101110
10 8 7
1111001
0010100
0101101
1111110
0101000
0111000
0010111
1111101
1100000
1111110
1101011
0001001
0100000
0001100
1111011
0101110
0100100
1001101
10 10 6
111001
111001
011000
011001
111011
011010
111111
111011
111111
011011
011001
011011
111011
111111
011000
101001
111001
011010
110001
111101
10 10 10
1100100001
0011110111
1010110010
1111001101
1101110011
0000000010
1000011110
1000011101
0010100011
1001101111
1010000000
1001101000
0110111001
1111001110
0011001101
1101010100
0011110011
1100000110
1001010101
0101111100
10 10 7
0010001
0010001
0010001
0010001
0010001
0010001
0010001
0010001
0010001
0010001
1110001
0000001
0110001
0010101
0011001
1010001
0010011
0010001
0010000
1000001
10 7 3
100
110
011
011
110
000
010
010
000
011
010
011
111
101
110
000
100
10 10 10
0101111101
1101011001
0101011001
0101111101
0101011001
1001011001
0101111101
1101011001
0101010001
1001011001
1100100001
1010011000
1001101101
0011011010
1101001101
0101101111
0100000101
0101001000
1000000001
1100010101
10 10 9
111110000
110010011
001101101
101010111
110100011
110110000
101110100
011010100
010010000
010110000
011010100
101110100
110010011
101010111
010110000
001101101
111110000
110110000
110100011
010010000
10 10 10
0011100111
1110011111
1000000011
1111100000
1101000010
1011100101
1000111000
1111001001
1000110000
1101101100
1101000010
1101101100
1000111000
0011100111
1111100000
1011100101
1110011111
1000110000
1000000011
1111001001
2 4 6
011001
010001
101011
111111
011001
010001
10 10 6
111001
011010
011010
011111
011001
010001
011011
011001
010001
010011
010011
011011
011010
111001
011001
110001
010001
011111
101001
111101
10 10 5
01100
10000
10111
11111
10101
00011
00101
00011
10101
00011
00111
11011
10001
01010
01000
11110
11000
01001
10000
00010
10 10 9
001001110
010111110
100110110
010100010
010101110
001000110
010101111
100110010
110110010
010101010
010111110
010100010
100110110
001000110
001001110
010101111
010101110
100110010
110110010
010101010
10 10 5
00001
10011
01011
10010
01001
10000
10010
10001
10001
00011
10011
01001
01011
00011
10001
00101
00000
00001
10000
10010
1 10 10
1111110100
0111101011
0101100101
1011110110
1001100100
1111110100
0100010001
0111100011
1100100000
0001010001
1000001101
10 8 10
1111101011
1111101001
0011010011
0011011111
0001101111
1111101101
1001100110
0000001110
0100000000
1111110000
1011110101
1101111011
1110001001
0101111111
0011010101
1100001001
1100001010
1000110111
10 2 4
1101
1010
1001
1011
0000
0111
1000
0111
0110
0100
0001
0111
10 10 4
1101
1110
1100
1000
0111
0010
0111
0010
0101
0001
1101
0111
1100
1110
1001
0001
0010
1000
0101
1111
10 10 10
1101110011
1111110010
0100110011
1111110011
1001110011
1100110011
0101110011
1101110011
0110110011
0101110011
0101110011
1101110011
1101010011
1100110011
1111110010
1001110011
1101100011
0100110011
0110110011
1111110011
10 10 8
01100101
01010001
01000001
01000101
01010101
01010110
01000001
01010111
01000000
11001010
01010101
01010110
01000101
01010001
01010111
11001010
01100101
01000001
11100101
01000000
10 10 9
100100110
110100110
100000110
100001110
010001010
100100111
100100100
100101111
100001110
000100100
100100110
100100100
000100110
100001110
100100111
100000110
000100100
110100110
100101111
010001010
1 10 10
0111111000
0111111000
0110011101
0111110100
0110001010
0101111010
1001000111
0101111001
1000010100
1001110001
0010011100
10 10 8
11111111
11101001
10101101
11101111
11100111
11101101
11100011
11111110
11110111
11101101
11101101
11100111
11111110
01111111
11111111
10101101
11101001
11100011
11101111
11110111
10 10 9
111010101
101001011
111000110
000011001
000011111
011010111
010000000
000000001
111001110
100001110
100001110
101001011
111010101
011010111
010000000
000011001
111001110
000000001
111000110
000011111
10 10 10
1011011101
1101101011
1101100101
1110011110
1110110111
0110100000
1010100010
0011000001
0100101111
1110011001
1110110111
1011011101
1101100101
1010100010
0110100000
0011000001
1110011110
1101101011
1110011001
0100101111
10 10 6
001001
001110
010100
010110
010011
000001
100001
111110
000100
101101
010110
111110
001110
000100
100001
000001
001001
101101
010100
010011
10 10 8
01110011
00001010
10111010
00001010
01111011
10111010
00001110
01111011
01111011
10111010
01110111
00110011
01010011
01110011
11110011
10111010
00001110
01111011
01100011
00001010
10 10 6
100111
000011
011010
001100
111111
011100
001111
100000
001000
001101
001101
000001
001011
010101
100001
110111
010110
000110
011000
011110
1 10 10
1100100010
1100100000
0110010010
1100100010
0100110110
1011111010
0010101111
0110011111
1100100001
0100010111
1101011010
1 1 1
1
1
10 8 6
000110
110111
000110
011000
000001
010110
000101
000000
100101
001000
011011
110010
010111
110100
010010
011111
110011
110000
10 10 10
1000011101
0110100010
1001100101
1110101000
1111101100
1110111000
0011111111
1011110011
0110001110
0101001111
0101001111
1000011101
1011110011
0011111111
1111101100
0110001110
0110100010
1110101000
1001100101
1110111000
10 10 7
1011101
1011100
1011101
1000100
0011101
1010100
1110000
1010000
1011101
1010100
1011100
1010100
0011101
1010000
1110000
1011101
1001101
1000100
1010101
1111101
10 10 4
1010
1010
1000
1010
1010
1010
1010
1010
1010
1011
0011
1100
0000
1011
1010
1000
1110
1111
1001
0010
10 10 4
1000
1000
1000
1000
1000
1000
1000
1000
1000
1000
0000
1000
1001
0100
0001
1100
0010
1010
1110
1101
1 10 10
0100011001
1001011111
0100011011
1100011101
1100110111
0001110011
0101101110
0100011001
1111110111
0100001010
0100011101
10 10 10
0010101010
1010111100
0111100001
1101010010
1101011010
1001110110
1100011010
1100000000
0001110111
0101101111
0001110111
1010111100
1001110110
1100011010
1101010010
1100000000
0010101010
0101101111
0111100001
1101011010
10 3 2
00
00
01
11
00
01
00
00
00
01
00
11
01
10 10 4
0101
0100
0000
0111
0001
1000
0010
1000
0010
0111
0010
1000
0101
0111
1101
1100
0100
0001
0110
0000
9 10 10
0010000111
1011011010
0011011111
1001000111
1101110001
1110100110
0001101111
0111100100
1000011111
1011010110
1101000100
0010000110
0101000110
1100101101
1110100111
1100101010
1001100001
0010101111
1101111011
10 3 8
00001101
10001111
11011001
11110000
00100111
00101100
01001001
01111010
11011110
11001100
00000011
01000101
10010100
1 10 6
011000
110010
101110
101101
010101
011000
011101
110000
110011
111100
000011
10 10 9
000110001
100101010
001011001
111110011
000101011
110000100
110101010
011111100
011111100
110100010
111110011
110100010
000110001
100101010
110000100
110101010
000101011
011111100
001011001
100110001
10 1 1
1
0
1
1
0
0
1
1
1
0
1
10 10 9
101001000
101111001
101111010
101111001
111111001
101100000
100111000
101111000
101101000
100011000
101001000
101111010
101111001
001001000
111111001
101101000
100011000
101111000
100111000
101100000
10 10 4
0101
0001
0101
0000
0100
0001
0100
0101
0110
1100
0101
0011
0110
0000
1001
1101
0100
1100
0111
0001
10 3 2
10
10
11
01
00
10
10
00
10
01
11
01
10
10 10 10
1010111000
1010111000
1010111000
1010111000
1010111000
1010111000
1010111000
1010111000
1010111000
1010111000
1101101010
0011110111
1010101010
0110111001
0011011001
1011000001
1011101011
1011011100
0001010011
1100001101
10 10 5
11101
11011
00000
00101
01100
00110
01010
11111
00110
10001
11110
00101
00110
10110
10111
11011
01010
11001
11100
01111
10 10 9
011100001
000110101
000100101
000110101
001100001
000110000
011100001
000110101
011100001
000110101
011000001
000100101
011100001
000110101
011110001
010100001
011101001
111100001
000110000
001100001
10 10 4
1100
0100
1100
0110
0100
0100
0010
0100
1110
0110
0110
0101
1000
0100
0010
1110
1100
0111
0000
1101
10 10 4
1110
1010
1010
0110
1100
1110
1110
1100
1100
1000
1110
1010
1111
1000
1011
0110
1100
0111
0100
0010
10 10 7
1001001
1001110
1001010
0010001
0001000
0110010
0101100
1010111
0100100
0000101
1010111
1001110
0010001
0100100
1001010
0110010
1001001
0101100
0001000
0000101
1 10 10
0111111001
1101111110
0111101001
1101000110
1000010100
0111111001
1011101001
0111101100
0110000000
0111110100
0011101110
10 10 7
1100111
1000000
1101000
1100100
1100011
1100010
0100010
1101010
1100000
1100000
1100000
1100011
1101000
1100100
1101010
1100010
1000000
0100010
0100111
1100111
10 10 8
00000111
11001011
01001011
00001011
00000011
01000111
11011011
00101011
01001110
01001111
01001111
00001011
11011011
01001011
00000011
01001110
11001011
01000111
00000111
00101011
10 10 9
111000110
110010110
110110110
110110100
111000111
111010110
110111110
110010110
110100110
111100110
110110100
111100110
111000111
110111110
110110110
111000110
011000110
110010110
111010110
110100110
2 7 10
1011101000
1101000010
1111101111
0011110110
0100001111
1010111101
1110101010
0010011100
1100101101
10 10 9
101001001
111000001
010000111
100110111
010011001
001101100
011010101
100110101
110011011
000111111
010000111
110011011
111000001
001101100
101001001
100110101
010011001
100110111
000111111
011010101
3 5 6
010001
100101
110111
001101
001111
101101
000011
001110
10 3 9
100010010
011001100
100111101
111110111
110000011
101010101
100010111
100010001
011111011
011100000
001110100
101111010
100001101
10 10 9
100100011
001010011
000110011
000110011
100101011
000011011
000100011
110100011
100100011
000010011
110100011
001010011
100000011
000010011
000011011
000110011
100100011
101100011
100101011
000100011
10 10 5
10000
10000
10000
10000
10000
10000
10000
10000
10000
10000
00010
01000
10000
10010
10100
00000
10001
00100
00001
11000
10 10 10
0010110110
0010101110
0101100110
1011001000
0000111100
1110100111
0010100110
0010011101
1011011100
0010101001
0000111100
0010100110
0101100110
0010110110
0010101110
1011011100
1011001000
1110100111
0010011101
0010101001
10 10 9
000001101
110100100
001000101
111011100
011101100
011011010
011010010
110100100
001111100
010010100
000001101
011010010
100001101
010010100
001000101
001111100
011101100
110100100
011011010
111011100
10 10 5
10111
10110
11011
11001
00110
01100
00100
00111
11000
00000
00100
11001
11000
11011
00110
00000
00111
10111
10110
01100
10 10 5
00001
11110
11101
00000
10110
11101
10001
11111
11001
01001
11111
10001
00101
11101
11110
11001
01001
00000
10110
00001
10 10 4
1101
1111
0010
0010
1010
1011
1111
1100
1110
0101
1011
1101
1010
1001
0111
1110
0010
1111
1100
0101
10 10 9
010011100
101100011
010010101
111010000
111010010
011000001
110100100
110110101
010111011
001100100
010011100
110100100
111010010
010010101
101100011
110110101
011000001
111010000
001100100
010111011
10 10 9
011101100
111100010
000111000
000111011
101101111
000000000
101000101
111100010
101110010
011011111
101101111
101110010
011011111
011101100
101000101
111101100
000000000
111100010
000111000
000111011
10 2 4
0100
0100
0011
0010
1110
0101
0000
0111
0110
0111
0001
0101
10 10 6
101001
101001
101000
100001
101001
100001
101001
101001
101000
101001
001000
111000
001001
101000
111001
101011
100000
101001
100001
101101
10 10 6
111110
110011
000010
110100
111011
110011
111100
100010
000110
010011
110100
111100
111110
000010
100010
110011
000110
011110
111011
010011
10 10 6
010110
101111
000110
000001
001001
001100
101010
011011
000100
101110
011011
001001
101111
010110
001100
101010
000100
101110
000001
000110
10 10 8
11110111
01110101
01110111
01110111
10001010
10010100
01111101
11111101
10000100
11110101
01111101
11111101
10001010
11110111
10010100
10110111
01110111
10000100
01110101
11110101
10 3 2
10
00
01
11
10
00
01
00
11
10
10
01
00
10 10 4
1010
1111
1010
1010
1010
1010
1010
1111
1010
1111
1000
0000
1111
0110
0111
0010
1101
1011
1010
1110
10 10 10
0111111111
0000100111
1001000011
1111110111
1111011001
1011101011
1101101011
1000011100
0011100100
0011110111
0000100111
1101101011
1001000011
1000011100
1111110111
0111111111
1111011001
1011101011
0011100100
0011110111
1 1 4
0000
0000
10 10 5
11010
10001
01100
00101
00001
01001
10000
00110
11110
01011
01001
00110
01100
11110
00001
10001
01011
00101
10000
11010
10 10 9
000111010
110110000
110110000
110110000
110010000
011001111
000101010
110100000
111001111
110110000
000101010
001111010
000111010
110110000
100111010
010111010
111001111
110100000
011001111
110010000
10 10 8
10110110
11101001
00010111
11010110
00100110
10010110
00010110
01010110
00110110
10111110
00110110
10111110
00100110
10110110
11101001
10010110
00010110
00010111
11010110
01010110
10 10 10
1010110110
1011111101
1110011101
0111111111
1010101000
1100111001
0111100100
0011011111
0101011011
0101000001
0101000001
0111100100
1011111101
0111111111
1010101000
1010110110
1110011101
0011011111
0101011011
1100111001
10 10 5
10010
00110
01011
10111
10001
01110
10000
11110
00010
01101
00010
01110
11110
10010
10001
01011
10111
10000
00110
01101
10 10 7
1110011
1110011
1011000
1111111
0101001
0110111
0011000
0111000
0110010
0010000
1110011
0111000
0110010
0110111
1011000
0011000
0101001
0010000
1111111
0110011
10 10 8
00001110
01101110
00100100
00111011
11100100
01001011
11011001
00000100
01111100
11001010
11100100
00111011
11001010
01001011
01101110
00100100
01111100
11011001
00000100
00001110
10 10 6
110111
100111
101110
100110
100011
111110
111110
011110
000110
110111
000110
100110
100111
111111
100011
011110
111110
110111
101110
010111
10 10 9
111011101
010001001
101110010
111111101
000100000
101010101
000011101
010001011
111101001
000010101
101010101
000010101
111111101
111011101
010001011
111101001
000011101
101110010
000100000
010001001
10 10 6
010101
011100
011000
101111
001001
100010
001110
000101
000111
111111
010101
111111
101111
011000
001110
001001
000101
000111
011100
100010
1 1 10
1111111111
1111111111
10 10 5
01111
00011
00111
10100
01110
11101
00101
00101
10110
10101
11111
00011
10100
01110
11101
01111
10110
00111
10101
00101
10 10 4
1010
0100
1110
0110
1000
1000
0110
0100
1110
1000
1011
0010
1110
0100
0110
0000
1010
1100
1000
0101
10 10 4
0110
1001
0010
0001
1110
0010
0010
1111
1110
0101
0101
1111
0001
0110
0111
1001
1101
1110
0010
0100
10 10 7
1111110
0001001
1001010
1101000
1011110
1001001
1100110
0010001
1001111
1101001
1010101
1101100
0010010
0011110
1011110
1110011
0111011
1111111
0100101
0001101
10 10 10
1100110000
1100110100
1100010000
1100100000
1101010000
1101110100
1101100000
1100100001
1100100000
1100111100
1100100000
1100111100
1100110100
1101100000
1101010000
1101110100
1100010000
0100110000
1100100001
1100110000
10 10 5
11010
11011
01100
00100
11000
10000
10011
11111
11110
00000
10011
00000
00100
11110
10000
11000
11010
11111
01100
11011
10 10 6
110001
111001
111001
000101
100001
000111
110001
110001
100001
111000
110000
000111
010001
111000
000101
110001
110101
111001
100001
110011
