750
0 51 
62 
127 
274 
377 
400 
459 118 
576 
594 
719 
661 199 
217 
3 
16 
213 
222 
355 410 
428 695 
514 
560 
741 
765 927 
869 
977 996 
108 44 
807 
104 131 
145 
215 224 
260 
337 424 
458 542 
566 769 
707 
768 
828 858 
873 993 
1 
144 95 
298 
638 
4 
28 
90 
195 432 
501 872 
530 
189 
192 
299 
367 
368 386 
612 934 
792 
947 949 
969 
988 2 
997 
998 
67 88 
188 529 
268 
292 
435 
534 544 
572 615 
658 
677 
759 841 
819 
866 929 
83 
926 
81 
300 
321 810 
329 
404 
539 
723 
914 
12 71 
119 227 
228 
251 
327 471 
334 
360 
467 
499 
532 
663 
711 861 
743 
877 
279 
15 114 
19 
43 
48 
110 
168 171 
338 422 
352 
721 801 
811 
896 
960 999 
972 
179 
182 307 
301 
541 
601 783 
970 
26 128 
89 
136 
288 395 
315 
446 
474 490 
650 
673 698 
852 
889 
924 
966 
387 
389 
412 
425 
440 
916 974 
36 47 
138 147 
229 
254 
263 744 
497 
516 
536 
667 
682 
814 909 
831 
115 207 
255 
285 475 
453 
513 689 
17 
291 452 
348 
991 65 
992 
34 
265 
313 
365 402 
589 628 
646 
660 816 
679 
802 
821 
835 158 
921 
87 
164 
273 751 
561 
746 
554 
559 
611 
641 
7 
76 99 
125 
244 553 
314 
550 
570 
614 
625 270 
880 
951 
167 
271 469 
481 590 
520 
619 789 
767 
799 
823 
867 
982 465 
11 
209 
511 603 
588 
613 
680 
753 995 
754 
779 
878 
963 
78 
85 116 
225 
350 376 
393 
629 
668 897 
729 
747 
812 
922 
968 973 
35 
50 
75 
91 190 
204 383 
445 833 
479 
616 
648 
755 
775 
804 
847 242 
284 
286 
340 
415 881 
500 
739 
778 
294 
324 401 
396 
409 517 
557 
620 681 
716 800 
837 853 
850 
52 146 
335 470 
378 
460 
494 871 
5 
434 105 
70 
148 
248 495 
275 
411 
423 
433 
503 940 
565 
235 
249 840 
347 
857 455 
931 
948 
132 
133 797 
276 
311 
610 
652 
815 
939 
73 
403 537 
468 
502 
634 808 
780 
820 
860 
955 
956 965 
236 80 
173 198 
247 
267 
416 
596 
655 
671 
700 794 
776 
941 18 
964 
21 
53 437 
203 
546 
627 
662 817 
784 
849 
868 904 
957 97 
121 
159 
954 
218 353 
241 
302 
391 
507 
583 6 
25 
40 124 
77 
169 59 
364 
473 
656 
704 
234 535 
678 
912 390 
369 
706 
888 
943 32 
68 304 
332 
354 
370 
492 528 
714 979 
186 
166 
180 343 
328 
381 
398 414 
466 482 
504 
571 980 
728 
942 
175 524 
281 
745 
777 
994 
129 447 
174 
462 
8 388 
106 
406 
408 518 
564 825 
647 
894 117 
150 705 
176 
356 
429 
506 
793 919 
161 522 
323 
489 
549 
952 152 
113 
196 
444 498 
463 
510 624 
515 
735 838 
27 862 
256 318 
864 
278 
509 
525 527 
584 
649 
666 884 
734 
64 664 
272 
308 
358 
730 
120 
156 339 
456 
512 737 
112 
177 
100 
178 
231 295 
543 622 
795 200 
986 
399 417 
496 633 
567 
727 
830 
842 
126 600 
140 
477 
718 
724 
725 
726 57 
887 
306 675 
480 
604 
713 
870 
885 915 
961 585 
9 
644 
665 670 
903 930 
60 
243 330 
879 102 
22 
221 246 
436 
484 573 
781 985 
962 
94 464 
184 
187 
569 
595 710 
720 918 
959 
82 163 
183 297 
216 
325 
385 407 
478 635 
771 
818 984 
153 262 
239 
287 
371 392 
457 
708 
803 
886 
237 266 
555 
618 651 
910 911 
10 449 
165 214 
538 
151 394 
170 
421 
439 
563 598 
893 
280 157 
201 
344 373 
756 
760 846 
310 487 
752 782 
990 206 
14 
45 
876 562 
907 
526 
579 699 
813 454 
859 
971 
645 
824 883 
987 
320 
333 
580 581 
597 
609 69 
855 
349 
38 
101 185 
211 
438 259 
551 
736 
154 
483 
533 
732 
742 
763 637 
13 
485 
508 
672 
761 
809 
967 130 
111 
139 
290 405 
451 
630 832 
331 252 
342 
863 
24 
578 20 
162 336 
230 
531 
774 345 
848 
240 
420 
575 
631 683 
895 
540 
491 
521 770 
626 
892 946 
107 
488 
709 686 
905 
431 
606 
712 
790 
31 238 
264 920 
738 
844 
975 
37 250 
92 
548 617 
684 443 
978 
23 
599 674 
640 
796 143 
74 
568 715 
839 
476 269 
592 
96 137 
141 
587 289 
702 
261 
72 363 
694 
925 
935 
938 
277 
319 
397 
623 
836 
98 
193 
923 
944 
54 697 
787 
577 547 
829 
135 
208 
899 
79 413 
316 
450 
701 636 
788 384 
936 
785 
900 
379 
493 
632 322 
687 
851 
740 30 
66 586 
197 
283 
523 257 
39 
786 
61 582 
56 
593 
149 
856 762 
890 
983 
953 93 
366 937 
309 
688 
519 
874 
764 
33 
826 
296 
605 
722 
172 49 
123 806 
913 
305 
827 
181 
621 
950 
194 
749 798 
898 901 
685 882 
109 
772 
891 46 
643 932 
908 
84 359 
766 
361 
602 
220 
326 
757 
791 
958 382 
233 
245 
380 
293 
202 
472 
63 
341 659 
505 
41 
591 
607 223 
122 
303 
750 55 
669 
865 
219 
372 773 
696 427 
155 461 
654 
917 
29 
86 552 
676 375 
441 
642 
103 
442 
854 
226 608 
822 
843 
690 
989 
748 
703 981 
845 
160 945 
232 
556 
486 
430 
426 758 
692 
693 
312 
733 
374 
834 558 
906 
282 
933 
717 731 
42 
253 653 
928 134 
419 545 
351 
362 
875 
346 
574 
205 
657 418 
210 
142 
448 
58 805 
191 902 
357 
639 
691 
212 
258 
317 
976 
