574
0 2
6 8
10 12
15 18
20 26
27 30
31 32
36 37
40 44
46 47
49 51
52 53
54 55
57 58
59 61
64 65
66 67
68 69
71 72
76 79
80 82
84 85
86 88
91 93
94 95
96 97
99 101
102 104
105 108
114 115
116 117
118 119
123 124
126 128
129 130
131 133
134 137
138 143
144 146
147 150
151 152
153 155
156 157
158 160
161 162
163 165
168 169
171 172
173 175
180 182
183 185
188 190
191 195
198 199
200 204
206 207
214 215
218 221
223 224
226 227
231 234
236 237
238 242
243 244
246 248
249 250
252 253
256 257
259 262
263 264
266 269
270 271
273 280
285 288
289 290
291 295
297 304
306 307
310 318
321 322
324 327
330 331
335 336
337 338
339 341
343 344
345 350
353 355
359 363
365 366
368 371
372 373
375 376
382 383
384 385
386 388
390 392
394 395
398 399
401 402
403 405
407 408
409 410
413 414
415 417
418 419
422 424
426 427
428 432
434 437
438 443
444 445
447 449
452 454
455 458
459 461
464 465
466 469
470 471
474 475
476 478
481 482
484 487
490 492
494 495
496 498
501 503
510 511
512 513
517 518
521 522
523 524
525 527
528 529
534 535
537 542
543 544
545 547
548 552
553 558
562 563
564 566
568 571
572 573
577 578
579 580
581 582
583 585
586 587
589 590
595 598
599 600
601 603
607 608
609 612
615 617
618 619
620 622
624 625
628 630
631 632
633 634
635 636
637 643
651 653
657 659
660 661
662 664
665 666
668 670
673 674
675 676
681 683
684 685
686 689
695 696
697 698
699 700
701 703
705 709
710 711
714 715
716 717
720 721
726 731
735 737
740 744
749 750
751 752
753 758
759 760
762 763
765 769
770 773
774 781
782 783
788 789
793 794
795 796
797 798
800 801
805 806
808 810
813 814
816 817
818 824
825 828
832 833
834 835
837 838
840 841
846 847
853 856
857 858
861 862
866 868
871 872
873 876
879 881
882 883
884 885
891 892
894 897
898 901
902 903
904 909
910 911
912 915
916 918
919 920
927 928
929 930
932 934
937 940
941 943
945 946
947 949
952 953
956 957
958 960
961 965
967 968
973 974
977 979
980 981
982 984
985 988
990 991
993 995
996 999
1
4
7
9
11
13
14
16
17
19
21
22
23
28
29
33
34
39
41
42
43
48
50
56
60
62
63
70
73
74
78
87
90
92
98
100
109
110
111
112
113
120
121
122
125
127
132
135
136
139
140
145
154
159
164
176
177
178
184
187
189
192
193
197
201
202
203
208
209
210
211
212
213
216
219
222
225
229
230
233
239
240
241
245
247
255
258
260
265
267
268
272
275
276
277
278
279
281
283
284
286
292
293
294
296
300
302
303
305
308
309
311
316
317
319
320
326
328
329
347
348
351
352
354
356
357
358
360
361
362
364
367
369
370
374
377
378
379
380
381
387
389
391
393
396
411
412
425
429
430
431
433
435
436
441
442
446
448
450
451
453
456
457
463
468
472
473
477
479
480
485
486
488
493
497
499
502
504
505
506
507
508
509
515
516
520
530
531
532
533
536
539
540
541
551
554
559
560
561
565
567
596
604
606
610
614
621
623
626
629
638
639
640
641
645
646
647
648
649
650
652
658
667
669
687
692
702
704
706
712
713
718
719
722
723
724
725
727
728
730
733
736
738
739
741
743
745
757
761
768
771
777
786
787
792
803
819
820
823
826
827
829
830
831
836
839
844
845
848
849
851
852
854
855
860
863
864
865
867
870
874
875
877
878
880
886
887
888
889
890
899
900
905
906
907
908
913
914
923
924
925
935
936
939
942
944
948
950
951
962
964
966
969
970
971
978
983
986
987
989
992
994
997
998
