2047
351
7119
6047
8189
5622
9256
6137
3919
3053
1511
4095
7615
1182
7158
431
459
3830
3807
2039
4259
7615
5599
80
1525
8173
3806
958
5855
526
5619
1341
5842
3703
9719
6233
850
3402
736
2046
3303
3798
8191
4071
5119
7420
3351
6078
623
295
6653
415
1535
5117
6969
1263
445
3207
959
4089
7711
739
302
9151
3133
2957
6006
2174
3086
2037
3062
6007
8822
1009
5117
3442
2491
7070
4050
119
7675
4815
7907
4567
5
5599
678
3278
2167
3065
1523
215
6142
8037
1487
814
811
2527
2550
2557
6075
1783
7039
958
3839
3518
5905
2589
1195
6930
629
6073
1389
7614
5142
1313
4630
3283
3822
3947
8186
6399
5767
503
4029
2029
1846
1663
2647
2008
235
9583
4095
3838
1111
7674
2547
4094
782
4275
4015
4087
903
6095
4092
4604
3198
5246
652
7255
5501
5367
3038
4633
4253
5821
8179
2047
6509
7163
4079
4047
4029
3051
9314
447
2009
1534
1655
5647
4015
767
5495
6879
2729
6449
1006
5787
4094
4575
7415
282
3439
9839
5199
408
7901
5886
1808
6067
726
5887
1980
1983
507
991
5599
925
1267
3837
4095
6898
4062
3932
7295
7671
959
7439
5407
5607
5118
5109
7672
2815
511
8126
178
1334
2045
5783
1891
5631
6015
1389
2037
313
2047
9279
3515
3903
6591
3164
1519
811
8157
1873
1518
2546
4447
2784
6111
5046
2039
1927
7542
5115
2031
6623
2031
7721
6111
8187
8179
3289
6951
8011
7119
6354
6111
7101
6035
2557
7076
3590
1971
3854
4079
1751
7951
6969
9771
183
7163
7486
8146
6143
1021
5914
2047
251
2013
8191
2611
1255
5311
4075
5753
1484
4454
5837
6515
4073
3263
2073
2030
3014
6095
3807
2897
3327
8137
7795
6047
6962
9886
6333
5079
7031
3637
3956
7023
5992
3111
7139
382
1583
5101
71
2047
6391
3239
4415
8397
3659
3963
6867
5759
7163
1596
8187
937
4071
5221
446
4303
2047
2491
6395
3004
238
8431
7703
7161
8335
5107
1277
4395
3836
1294
1999
3067
7167
1431
2007
239
5265
3319
4703
6143
1525
1770
4176
3910
348
2811
1179
8185
5113
1839
4509
1787
7615
5772
6897
9341
7165
3806
4440
3323
958
2038
1631
8760
3325
1883
8839
4281
7287
4318
1486
55
5117
1755
3459
5069
641
229
1961
3214
3519
3775
772
4939
2030
1338
5874
1547
1975
5599
2983
5497
4055
6617
3547
4095
5887
4095
1979
1843
3054
5757
1055
2543
2060
959
4833
3614
943
5999
239
6651
1247
420
2403
8051
5759
5079
1531
8189
6750
4255
1599
4593
3910
4589
9217
6835
1023
5741
799
3037
1506
7647
6743
831
308
1
6507
4095
4853
6295
4605
1343
3806
3497
271
4603
1279
2558
8695
2935
191
2687
8149
3831
3239
6331
3487
2321
2923
3709
1756
3237
8831
7831
5681
7894
885
1397
1183
3181
1860
2302
122
1439
2567
1375
1023
3307
3711
7806
4092
4794
4318
9183
1276
507
1459
6903
4716
7196
7142
3422
3966
232
3711
361
1758
7604
2557
446
1789
6005
7167
1021
3839
4663
1405
2266
1790
3035
943
6843
5979
2270
4079
5823
5921
115
1207
1791
8178
4071
6573
1534
9211
4862
8044
3655
5099
2970
1791
8154
7087
4479
1271
8127
8342
5838
4054
1505
9183
1915
6860
8175
4094
2974
3547
8141
5920
3518
6715
4989
5052
3199
415
9870
3322
6111
3609
1269
3871
4093
1949
215
1723
2030
311
1967
8191
7999
8582
6387
8074
2959
7590
959
3471
863
6141
5887
373
1278
505
7522
990
1911
5117
7775
6814
5038
2046
7023
4983
1219
8173
175
5678
8147
3830
2811
6111
5543
891
4049
8753
2716
703
2043
2555
2553
4105
4074
3581
0
1781
4082
2044
7622
1109
8184
2613
7806
1985
2415
1918
447
4079
6103
1887
8031
245
476
5013
7518
8190
2030
1310
8085
5983
443
1590
3883
3903
6141
5806
6399
8178
987
1662
743
2791
4180
2043
735
1782
1764
6105
1471
4095
395
5618
5116
789
8183
506
3490
1563
8173
9469
5112
2538
463
5520
3833
958
3799
830
1266
3730
8023
2039
2677
4247
3979
49
7919
95
6070
4635
981
7676
6451
6653
3423
739
8701
4439
7250
6447
231
1278
3526
4039
8279
3454
3839
427
3475
7550
3355
239
639
4575
2543
1901
3711
6129
2813
1577
9371
1774
1482
7103
8159
1791
1054
3303
118
5877
3711
3962
5995
6741
6831
9670
3003
1889
9211
914
9512
5855
7859
1899
3963
127
3931
3007
3711
6594
7387
191
3519
4599
3157
893
5018
6063
3583
6208
2399
5311
3166
5086
895
3788
4015
3636
1013
6014
2023
8185
8723
5087
493
7821
5631
1278
1468
9670
758
693
5918
5053
3063
6877
1528
4094
7502
1397
675
467
2494
2047
6103
5117
3487
7102
7055
3583
3761
1607
255
1471
6103
3823
6127
1804
962
1663
2798
9259
1275
8702
599
2027
1965
3323
1999
6827
6141
4031
9718
7933
7671
7026
1677
3071
9539
2047
7135
7623
7166
2047
4551
4959
3823
1705
8063
9087
8186
9471
5622
1007
2911
7677
7871
4765
120
386
5039
4551
7030
993
6974
1382
9087
378
2943
6080
7362
1885
3695
3895
4335
9615
6810
5565
59
3515
1183
1726
6655
3807
7413
3993
1494
1526
3687
6015
7929
4091
5951
7925
3455
1535
2783
6711
94
510
6047
2013
215
3108
2879
5343
3551
3707
8191
767
765
5086
3195
3677
4023
1989
9167
3798
5726
1767
182
1763
5623
2215
5375
6511
8697
6039
742
5119
5951
1518
3574
1217
5887
3453
8699
4092
2038
2011
2021
1867
1028
3051
1855
8271
3909
8969
114
3046
1884
3695
3500
3903
5475
3071
5467
873
511
7549
6077
6043
4719
3582
1601
7319
7903
7743
5086
1475
5823
3711
2047
4023
1271
7710
5837
7671
3007
493
5607
895
7535
219
4692
3897
7597
1840
8447
9631
7199
6333
3071
1324
2543
3583
3827
4199
3069
1711
63
2045
207
6125
8063
7821
999
9675
7675
7669
1533
3887
4015
4029
3947
6127
7
3999
757
8211
5119
1767
4731
1918
2143
7238
4055
8159
1086
239
8177
6127
463
6175
9727
6204
7902
4606
3612
1020
2047
3567
1215
2462
1023
8183
7608
4614
8021
1661
7867
6294
2739
4087
2494
1759
6111
7015
7167
6076
1649
5751
151
4591
6438
5119
6140
94
3839
6003
9049
7873
319
2046
1837
5597
5366
3867
698
2862
7134
1819
7838
3007
162
669
7689
3861
3835
9574
3581
1855
974
7915
869
5423
1023
5503
735
1787
4011
1846
5546
217
3581
2965
1511
6072
6123
7157
3818
2943
4131
3565
7707
125
912
8571
8975
543
3403
6099
2925
507
6110
2783
3579
6590
2751
6975
7021
1391
2001
3231
6385
8674
1438
7533
5083
4413
5350
3323
4007
1618
1494
3027
22
6119
938
4862
5864
1771
1591
2495
3551
8863
763
980
6398
7340
1005
7247
615
3961
4925
2791
1711
2910
4071
8191
5059
7103
1163
9183
2837
1959
1279
7675
2884
479
2935
1527
3670
3265
1150
6735
2031
8170
1790
3060
9204
1979
8063
5578
7903
8183
6911
3519
0
2299
1947
7935
9255
815
4176
8021
5502
4027
2039
4523
9213
5007
8871
5642
720
5694
4014
2925
7935
1182
4087
2045
5559
7679
7162
923
3455
7147
3411
4983
7453
8183
473
2975
7151
5901
3257
3040
4551
7629
4591
8029
7154
8000
8191
7166
6123
1403
494
2089
6107
3189
238
1023
2039
1786
3773
667
7135
1885
8189
5087
58
7104
1458
5067
7869
1983
4095
3311
7511
5027
1466
1949
1758
7670
5823
42
7771
1886
1597
2175
3887
3503
1615
1440
1870
4095
599
3431
4095
6813
1773
3057
5863
5167
4467
8955
4095
6120
7103
7159
9151
5202
3069
7567
4847
4063
872
75
7651
8190
5503
1045
4086
4225
2302
1023
6111
7679
119
9095
8181
410
5099
490
2495
3752
885
1021
8167
6142
6427
6986
735
2174
1966
7091
8185
2107
4090
8189
3255
1535
3517
3852
5198
8157
5615
6365
7152
3660
6971
5662
6967
3071
1718
2216
8117
4056
1686
1198
1326
2156
1277
8525
6569
971
3071
2939
82
3183
4061
5046
1191
6109
2462
6902
6638
1423
8188
4031
3071
1338
9447
6580
7670
7898
3070
3822
3039
7799
7103
1967
8007
127
1499
1657
2047
6879
1278
3833
6062
5590
4221
2959
4539
7926
3970
633
7906
8031
1949
6123
1946
2975
3823
6491
6588
7899
716
7038
199
1917
6581
7037
211
3583
9063
1487
4125
2613
955
5588
5627
5657
3583
1918
5342
1508
1787
4538
1899
1860
3318
1503
7391
1351
50
8063
1982
3432
437
4831
2534
2879
6075
4226
254
377
5114
655
126
3071
367
127
6975
7135
2607
10
4059
219
7831
7551
1453
7743
9215
2910
1799
5566
4239
4047
1992
9723
5567
7868
7898
3293
8414
1829
1727
3069
2361
5887
4093
6363
478
4026
6647
3992
1021
2431
7996
6574
6127
1023
2772
3461
1652
143
4521
3066
7083
2934
3642
1887
4093
2902
8094
6971
8036
4078
764
4863
2038
1275
3838
3325
2836
2169
8687
1205
3958
2751
3759
3068
9679
5627
4463
3823
2303
1979
6031
1147
1271
7775
2093
1279
1071
8175
2460
1011
1673
2011
7166
5114
1674
2744
7557
9304
3523
3578
4063
9313
7143
7849
1655
2090
4700
3003
2525
6070
3515
6107
8181
2044
7059
4181
5941
3004
8190
308
3950
3039
1877
878
8061
572
2023
5213
5853
6135
2598
2516
1151
1816
3276
951
7897
731
8043
9335
6138
5047
9639
2031
6014
3104
7166
1806
6143
5887
3642
435
255
6755
6047
1140
7931
5297
5119
2038
4038
7151
7614
4589
7739
9159
1561
4091
8607
2718
2743
983
459
8185
1951
477
3279
5567
7167
8056
3045
183
3239
9041
3840
9226
3519
751
1787
2047
6015
5869
219
3453
6526
251
5851
3129
5007
4799
7615
8255
6143
311
3318
2987
4597
6027
5622
8046
7933
957
633
7095
5337
1261
5112
726
8855
3582
221
5845
5887
5430
1535
1916
2429
5115
3912
7551
1799
2039
5143
9677
5112
6143
3053
1903
8381
379
6622
1975
3643
491
1951
1489
174
3706
1136
6063
4092
4859
6938
3575
256
4029
2111
1949
5445
1014
439
3164
2252
2041
2847
2031
7166
3997
4095
1919
3899
6455
3549
3585
5903
3677
1842
6183
7853
1019
2107
8127
5632
1589
901
7855
4024
8190
2039
7527
2835
6060
8999
687
1531
5111
4860
6331
6455
2015
0
9726
5428
8925
2775
1406
3071
31
375
4031
5107
1526
4495
7895
4536
439
4299
9391
9406
6134
5215
2413
6815
2811
7047
11
6685
2855
2255
7974
8160
1157
2575
7007
8127
6746
619
1686
89
649
2013
4063
8189
1895
369
7926
5847
1023
869
3128
6896
4202
6113
44
8191
3711
6079
1775
6010
3518
3575
3775
3571
7144
5111
3238
3515
763
8127
627
575
2045
3159
7679
4903
2045
3069
7167
2525
1807
5630
409
6974
5049
7676
2761
7547
2828
1927
5951
1375
3961
3999
8189
6713
1919
1787
1791
1015
1502
5103
3047
6133
3383
3163
4039
2046
587
8063
831
1431
525
7227
999
959
3581
4057
1789
534
4401
3814
891
8183
1531
3063
2173
3057
4816
2004
2751
1791
6763
4094
4555
7661
1019
7121
3070
6654
3415
8117
6247
5086
3246
3062
2045
3520
7963
6910
7039
4606
862
8667
8563
1534
1023
474
1535
2014
8546
4095
7506
1269
7085
220
5603
3511
377
1304
2038
2431
1565
2431
3327
3471
701
487
1307
1167
6906
7895
4803
2558
8007
549
1909
8639
6139
2939
978
3951
8155
510
7151
4031
2169
2815
4767
3271
4593
3071
5109
5591
5830
7519
8091
4567
576
9466
3049
5449
3067
5886
301
4431
8151
5747
8825
8191
955
1077
511
6059
7663
4315
7061
1995
205
9928
2911
1767
1166
3518
3583
1515
7933
3353
5559
1316
1151
3007
3007
5631
2739
767
7021
2086
5091
62
8040
4095
7165
373
4075
163
5038
1533
3321
1401
7083
1007
3960
3068
358
8450
7423
494
1018
8074
2875
8190
319
5103
5631
6943
3034
8734
6220
503
2858
5773
1617
4629
7385
5883
6494
6879
1398
6646
5566
6569
3055
7930
416
7888
2735
3579
4477
2043
29
2021
4558
6335
7662
4061
285
2045
7822
5855
4071
5106
4063
9733
8031
9247
8445
2751
1998
2495
8831
699
6079
5111
1943
447
8159
1023
4094
7359
6894
5107
7189
6139
3551
948
8879
7123
1439
8702
3551
9885
3643
5630
9183
4606
3751
3567
1913
2555
1413
7242
2011
3155
413
4351
4454
5566
1407
6007
1971
2921
900
2799
5115
3639
8081
7775
3567
5881
3839
2047
4479
1019
3057
413
1949
4059
4767
164
743
5951
4031
7039
943
911
5999
1775
1879
4943
7130
7983
5706
5947
113
9857
1981
6842
4721
7439
5735
6051
1517
3061
5732
5083
6162
4863
6331
8035
2727
2309
8063
7479
1975
4247
1791
379
7038
8127
4989
8191
1983
5727
8807
8127
6621
2014
1791
7709
2286
6999
599
314
8950
3999
367
6380
1967
6127
8173
5085
288
5887
477
2037
9863
3839
1652
1775
7671
6902
7679
605
5272
4031
9663
5866
7039
3046
2941
4351
427
6135
5419
4455
8174
119
1517
6073
250
4639
1021
4538
1303
4079
5023
2540
4735
319
4762
3573
6975
1191
6386
2479
6975
3749
2253
4683
7806
7803
2528
2024
695
3542
294
5309
8110
7259
3593
6143
6643
8095
4019
7333
3701
1461
7999
255
6710
1213
3687
4522
5813
4095
6845
9534
2047
647
4181
7619
3295
3854
5045
3023
3047
2814
5630
4087
1908
1015
761
3577
5615
7626
1541
1471
8179
8286
6137
5394
8120
5162
1087
1179
7013
507
1981
5279
911
7111
2430
3302
1791
6687
3399
4190
1954
1201
4991
3535
1974
6141
503
2015
4923
1790
4061
3325
222
5397
6967
5118
2927
955
6102
8123
5235
7290
155
9695
6081
7035
2047
1019
6870
5747
3839
7094
4059
1494
2813
5239
3063
5055
367
9775
502
5117
4783
6079
4061
7843
7669
895
3966
2522
1563
997
1145
3021
1899
1354
4043
2405
958
3161
7655
2431
3263
1034
2046
7167
5195
3817
1789
8183
8162
5583
2968
1654
2685
2495
2039
7643
173
2513
2391
2163
5099
1775
3593
932
1151
7406
5119
343
7261
3799
8103
8064
3771
1173
15
8951
29
5887
4067
3967
3827
8341
3958
462
9215
1422
1151
5919
1575
3324
5869
1900
4607
9195
4607
72
4094
1457
735
5687
8186
5493
3183
5740
2767
8175
7929
2874
8125
699
3803
59
2514
6587
1903
7113
4061
2043
4243
8887
623
6655
5981
1014
7918
123
5752
1854
4010
4087
287
6975
1179
1950
5943
7413
7101
6099
8955
1631
2545
4030
6305
4015
1017
1965
3383
7623
3014
2087
3775
4075
3823
1756
1995
2031
1118
2039
2806
1176
511
4031
7167
1459
5350
4003
8059
6634
3070
7161
873
4989
6055
9870
4095
7310
6140
4031
6135
5807
6423
151
7439
8030
6631
7167
2615
3691
2943
1235
5055
5655
1467
3047
131
3966
3127
4863
4605
8186
5886
2011
3931
7903
6143
4991
6395
7261
2714
4355
2300
1791
6078
2943
3483
467
3261
3517
9055
190
1553
6195
1021
7611
3199
7965
68
2271
3763
5693
1370
742
2046
9067
1279
1631
3059
253
7710
599
3803
4551
7679
6003
2047
1791
5370
7467
6143
8214
1157
8057
1494
6255
3066
1979
3069
1497
2015
1170
415
1665
2543
4095
5742
3217
3803
1967
736
2915
2449
4603
4895
7127
6069
5855
4095
8142
910
5197
8095
8879
2030
6015
254
2557
3053
2091
3326
1913
751
307
5159
4223
7164
566
2045
3580
6861
5503
1187
3965
5578
7039
4271
7552
4095
1910
6591
1250
1019
5310
9711
6271
8038
3015
2765
3771
2813
6899
1230
1593
5599
1679
2014
3382
172
1662
4007
7638
1535
3002
8191
6763
7166
1646
3026
2919
6079
767
3510
6525
2559
6015
6666
7678
3954
4057
8568
2222
3807
1531
9104
9836
830
5623
4079
1772
3239
3519
3911
8147
8055
1021
367
3587
7339
1278
5967
8043
8563
7419
4223
6987
7679
6990
9532
655
6397
4058
3499
5039
3455
6101
3518
4852
8779
8887
7671
5430
3551
6074
246
5175
4151
761
4062
2458
2933
573
6129
4551
3007
5508
2015
6527
8267
6653
1021
4349
1996
3517
7935
4566
1439
7151
3071
2043
958
2047
39
4091
7560
6319
8238
7475
1914
9814
7678
9807
3000
2549
1279
1885
9144
4351
6132
4991
7687
1311
4091
7646
7742
7229
7262
1671
1022
8399
1837
919
8051
1022
1263
3575
5085
9430
1243
4796
7047
827
4543
751
6142
6579
1525
3061
742
1748
4031
3863
892
2039
57
7419
2042
247
953
7919
3837
6138
7420
765
4031
989
9219
2036
9198
1583
125
2015
8175
2045
8115
4734
2047
3071
4083
5103
5760
1807
2879
3022
4079
4959
6951
6991
1561
6007
6143
4063
1919
3013
279
255
4742
1276
4095
3773
3906
4965
3959
4768
5178
7166
1703
5355
1363
436
2047
2238
1019
5991
621
2347
3323
7029
4831
2498
5368
5622
1579
7956
7019
9439
3046
3947
702
3679
173
4215
5982
671
8573
3903
1523
7005
60
4511
2641
3519
7229
6073
3948
8995
5819
1497
5951
1381
1783
3582
5797
4954
4989
4071
4961
1958
5342
6773
8133
959
5613
8126
4991
4455
6075
8139
5279
1215
2757
4975
7519
8191
5387
7743
1327
1631
6494
5625
9517
6772
6093
3967
6782
1787
6238
3803
4023
5694
4461
3519
379
317
7985
4287
1462
1111
4863
7098
4094
6087
2687
5582
5362
1215
5502
1021
3479
1531
6423
3990
4095
8573
926
471
7429
3815
6623
5246
2215
1917
6719
2041
7534
7735
7355
6715
4444
6639
1534
3565
2846
2815
7805
732
59
9393
1358
1979
3963
6061
1327
3616
989
231
6738
3559
6995
6031
2922
3471
5046
686
1983
2239
6463
3645
4045
6143
255
4847
2199
499
54
8063
4983
6135
7413
1181
2495
7272
5946
4264
1919
2943
1135
6138
503
7151
2332
7151
597
4541
8171
45
9535
1951
7423
7503
8120
3783
9743
3937
2523
7143
7579
814
1968
6131
3549
6207
2527
8118
2739
5775
2249
5599
1543
4095
7907
6139
9215
479
2531
5567
8943
3453
6263
1662
823
1915
4463
8191
2575
2141
3067
2507
3839
2071
1211
3067
4926
9183
1013
2043
3451
8244
2047
1441
3805
4095
1978
7887
3839
1631
7615
158
1458
878
4799
1662
3641
2943
7823
191
5823
6143
2194
1181
7295
603
5375
1887
1275
2047
4031
3710
3837
1430
4023
6267
932
14
5879
2027
3575
750
1007
6591
3159
6555
1623
1223
2943
6911
4035
1493
3178
4031
3575
991
6655
4311
501
3063
1531
7423
3198
1023
6814
108
2248
8045
5119
5039
2941
1046
4625
5567
4559
1311
4607
2815
365
4799
5171
1777
8191
2571
1470
4093
2556
4063
6651
1267
1663
7020
6140
2400
5113
2423
6654
4050
4903
93
3069
2551
7089
445
5103
7039
4853
5879
2485
2297
4094
6654
4095
3655
861
895
4093
4071
6015
9242
4463
1311
8170
943
4351
4723
6815
102
871
8703
3123
5019
2415
4030
1983
9481
8116
493
3707
1343
7801
8503
5991
5631
287
2959
475
4095
9199
8191
7928
5167
2699
6670
1407
1951
7935
365
7631
3699
6399
254
9181
116
6524
9195
2216
4828
2779
5451
3839
5623
7623
1949
6655
7550
4087
6135
36
6127
1280
8191
7547
8159
9214
5598
1791
6759
2343
4886
3073
7931
6237
6655
6928
1630
8153
5469
513
3675
7678
1471
8191
4095
6132
5695
694
1715
1499
449
1147
8063
2963
2176
5685
1792
1950
2686
1983
8307
6143
2559
798
1550
1006
1149
1730
7078
2299
8439
3777
2299
5103
6764
6195
2238
5559
4271
9215
780
4071
3421
185
3055
4015
2043
3820
991
1935
4423
3837
5866
6397
7767
4719
8175
4078
3065
4586
3804
3631
3003
7994
5965
3894
3789
23
6715
8453
3583
1791
2271
1855
1663
5375
1019
6842
3903
1981
1567
4094
4285
5435
8031
6383
3833
3770
4017
4022
1736
9086
6304
4863
7934
1229
2531
119
831
639
1525
8054
2759
4078
1519
1503
2574
8165
1471
6653
7830
2559
7867
851
3046
4582
7534
4985
6141
7021
5111
538
9727
1011
1791
919
447
4028
247
2546
2806
765
6643
5047
5517
2047
2030
5119
2031
7394
5375
1919
860
3243
2626
2047
3947
3378
1967
1973
1071
1831
4063
7133
7227
1875
3787
1403
1887
1407
5495
7167
7931
2919
6104
3070
6007
9321
8171
4447
7245
2047
5563
7139
221
2047
2351
1535
1790
7583
3566
223
6140
511
6011
2015
4131
3906
7755
2932
7221
1978
112
8175
1258
49
1919
4925
8191
2542
4639
5748
6839
3870
1023
4942
8057
7935
5233
7135
2030
4735
2321
5631
1782
2572
2036
7151
8351
335
1407
5693
6107
3511
3162
3004
7199
6910
7919
8055
1757
257
3902
1105
5551
6781
825
2179
3431
1390
4031
8943
8060
1580
6071
3924
4095
3643
615
2010
1003
7679
3731
4094
5863
2911
5615
3755
7678
7855
669
950
8170
3551
3043
3931
9623
2525
1850
5295
5023
4987
43
5406
8395
1760
6045
6871
5427
2559
2423
1917
1215
839
6123
4093
621
735
7870
3963
2424
5596
8190
2045
1571
6835
3345
5348
7796
3919
7089
4074
4047
6143
6495
1463
959
5181
8288
8191
1911
3283
2887
8185
3606
159
3942
6942
2795
9413
8175
5628
2879
379
4574
3966
2749
6907
5247
759
1147
511
2687
4843
638
5117
3742
7418
1807
9600
4091
6537
4823
8439
415
385
1957
3071
4167
7663
3753
3615
258
3583
4701
13
495
3579
2719
9
1405
8143
6015
6259
2298
9407
3917
246
5843
4583
6523
3515
1497
8159
1151
181
7646
8671
383
90
688
7161
5823
6132
4351
2047
5935
798
7997
8007
7118
2495
4748
126
3979
4079
446
1889
1014
7898
59
8111
6442
6013
2701
8892
1511
7657
2355
3925
3455
639
4497
705
7999
3185
911
7351
5259
1917
3821
6047
499
4026
2036
439
501
6045
7678
8173
4991
3008
30
8520
3415
3697
625
2017
1555
6125
4855
3133
4543
162
2615
235
2559
9
3517
2014
6870
7647
1886
1775
1471
7999
7118
93
4975
6207
3565
844
3063
1534
1446
5118
1883
2047
363
255
2362
627
3581
4507
1853
5664
1759
2046
125
6075
3267
701
3963
5567
799
5355
9855
2823
251
4247
5119
5564
2279
9215
6962
4087
697
6045
5372
7935
7777
5241
3063
1087
3797
1498
5359
1970
3567
3423
4796
8188
991
2027
1755
3325
2419
51
3993
8513
5358
145
5631
6649
6132
6007
7471
634
2574
479
2047
59
358
7941
3071
1881
1916
647
1886
6512
6349
503
7659
1887
1515
8063
3199
6139
2038
5982
7647
1783
9081
7890
3069
374
4104
8715
2799
3052
3582
2044
9151
689
4987
7135
2023
6429
5118
1983
6203
2039
6214
991
3519
2261
6373
7055
5119
3575
4586
6137
506
6621
597
446
4083
4311
21
9183
8170
7371
8061
6078
4079
8061
743
745
4598
9215
4087
3067
4022
3830
3127
8127
6998
383
4703
4219
2142
157
813
1582
3039
637
4799
511
5203
4926
4556
886
7390
4009
4095
3887
9859
5495
1903
1117
437
8190
6125
3773
975
5115
57
4026
7463
5611
918
3677
1711
7143
3071
5107
2619
4031
4607
3071
9059
9079
383
8054
3775
4783
6813
947
246
2713
3258
8191
7815
3057
622
1468
1946
1535
3358
5817
3831
2999
1514
2751
7542
8473
4059
5980
4343
5868
6130
9727
878
6107
411
303
2175
6723
3487
3839
1662
8191
5565
987
3581
4863
511
1956
1535
3999
6047
998
6942
391
383
847
1983
2811
4951
9715
5623
8173
5179
7660
2991
9070
4590
1463
6095
5055
7893
3071
7917
4542
7623
2893
134
4987
7868
6417
1708
1535
6139
734
6630
2406
734
4862
1055
3839
302
4031
763
4841
2013
8106
4862
5861
4095
1911
1643
1851
5559
8191
5111
5630
1559
1772
1525
2816
3265
9302
2911
9215
4266
1950
6556
486
6335
6815
6127
3444
4093
6445
2303
8109
8703
3069
7055
8081
8153
3934
50
1791
5034
3763
3541
7418
8075
3578
6654
124
991
1775
4094
7487
4555
7165
3263
4862
7039
7067
6395
4063
7933
4023
23
5199
398
3352
59
1912
8671
4095
447
3967
7415
4047
1979
19
105
6251
8532
6121
1791
886
5857
4543
621
775
3037
1789
7679
8351
9483
3099
3327
1567
2495
7877
7663
8189
3967
2807
6395
8179
990
9983
5480
2812
3359
1974
83
7551
107
306
8013
1023
878
4087
6827
5118
913
1938
935
2173
3518
3519
2212
567
9056
6565
2556
1337
7151
3995
1131
5883
3385
4062
6911
9724
7067
1971
922
5887
6110
1918
2047
1886
8359
3703
2031
1006
506
6783
3201
1011
3193
1623
2303
7919
383
7167
3924
1082
4047
1981
8191
893
3071
635
1231
4591
3571
2411
3237
1997
5859
3384
7671
507
511
1831
4003
3966
2878
1007
6715
1559
1375
1015
2671
632
8174
2511
5423
3965
4419
1931
1775
7678
5566
7777
1815
1839
999
7847
1990
8127
1663
1598
2078
3925
887
2407
365
4727
383
6119
9181
4219
6651
1507
2047
6652
5029
6511
3571
8184
6900
979
959
8063
8191
2027
4031
1167
8094
239
7429
4574
1027
4055
4695
2030
6421
3542
2550
7903
3557
3340
3961
1439
3033
6103
1130
823
2173
511
1983
6837
1790
4922
431
5852
7535
6010
5228
5822
8163
4041
1151
4351
886
6143
7602
895
239
1717
2043
5951
3305
2623
763
1913
5734
3183
7051
7519
3820
2904
2891
4070
3985
6911
6119
3527
3645
4091
2450
9518
154
1023
4771
3451
7927
4094
3805
6647
1014
255
729
6095
306
4071
3783
8689
8874
639
6115
2991
3583
8099
699
2037
3224
985
5722
4304
4535
4077
3819
5055
255
1535
5628
1307
862
3659
127
9215
9774
312
2551
6141
2982
1894
6079
4303
2295
7479
9280
3198
251
1023
1023
6143
7231
2838
4045
2683
759
1854
1471
2559
1886
133
3259
7651
5855
1087
4255
7647
180
8182
4479
2301
7003
5111
6903
2543
4831
507
3773
7678
1786
7319
3495
7533
5833
1958
1126
2043
8045
3065
5867
1290
5102
8151
2299
4154
8410
1525
3055
2368
1886
3992
6585
370
8190
7923
3551
1246
4042
1021
2029
1777
4909
4047
4715
2813
8927
3957
8118
6078
1819
1783
3455
507
4751
5119
5911
1635
1487
2518
6079
3063
7534
1788
2511
629
7167
3059
4568
7583
5430
2547
6111
6647
6887
1534
2015
4615
7870
2519
5623
6790
3055
6130
3063
8183
3942
251
5589
5357
6108
2559
2039
7506
506
5118
2843
2814
511
7321
3183
4078
3130
7842
7103
3735
2087
2492
6385
5706
3795
9322
1935
5567
3583
508
9341
3443
6227
6935
666
4095
2014
3679
4223
3167
6108
7389
3999
4095
6312
1018
8124
2019
7830
3831
9364
510
2855
7679
6143
5779
6079
8703
6133
567
2901
381
5421
495
2275
9143
4071
5791
8031
2998
1360
3743
3967
999
4700
974
4507
3187
5496
3031
5835
7679
2678
7924
1023
8703
7230
3302
5077
5631
8350
4095
5111
6011
4091
7379
343
3559
6942
3003
6398
6077
4967
4797
7231
879
623
767
700
4735
960
4087
5117
9211
2542
3163
9468
4075
1723
5607
2559
1700
8702
5295
9795
8061
6869
2631
1023
4095
8134
7550
5629
3167
6639
8053
251
2475
6131
913
2815
2043
635
3055
6986
884
607
5765
8699
3837
3891
732
6133
3511
2935
6333
1951
6519
5615
155
1917
1661
6831
4602
1099
5726
4279
2322
6527
6141
6140
2047
4237
85
7519
3963
3327
2974
1023
1437
8543
1535
3183
1983
75
3007
5869
1967
107
6927
3743
6085
5114
182
4071
6379
7729
5531
2014
3997
2362
3575
9469
7151
297
319
8873
2046
3324
2028
5053
5615
5053
8879
6395
2603
6959
5803
7780
2649
4304
9727
1615
795
911
2711
1019
6295
1111
4335
1599
5425
1618
0
4152
5791
547
1839
3837
191
1527
9343
8380
3967
2907
5630
955
158
907
4399
6143
5308
7597
2729
4863
3581
1518
2779
3871
3227
5109
5383
1434
6878
5438
4075
8146
4356
350
6136
3675
8187
7671
5882
7935
3954
3951
7703
5111
4095
8926
277
4845
1343
1772
4654
9078
5500
950
2047
3833
6717
7247
1017
703
5118
230
1015
1183
3781
253
4632
1227
8191
4647
5583
3967
8391
7167
509
1637
894
7607
26
1115
894
111
6590
2431
431
7615
1149
3435
4029
9197
7794
5447
9434
5741
7165
6143
7677
2495
7903
6379
5517
1469
3575
8406
479
703
8955
4965
5052
1519
5055
2042
1531
5946
4479
5598
1999
5631
5247
435
4055
3086
1791
1277
3645
5491
9203
5631
3981
1775
2979
2315
6139
8118
399
7659
699
7531
4062
6639
511
219
4047
6447
6623
4886
3599
7677
2198
6013
7447
3071
9744
3054
5623
4705
8055
2766
6909
5046
5457
2001
1998
895
4603
3575
8064
3019
4062
884
4702
2436
7261
6134
7987
511
5631
1343
498
2828
2031
5877
4095
799
1983
4571
3966
6399
2623
3551
2573
8045
964
4059
7039
5083
7308
2441
3453
6141
4088
2877
1279
493
435
2225
8174
859
6879
4606
310
7574
5486
5373
8058
4095
6907
5743
913
5554
7897
4603
8061
8756
1021
8031
2543
4479
7031
1526
5375
2827
1783
1664
123
9295
9146
3674
1775
2847
3833
1923
9199
9173
6696
3822
7158
639
987
1839
1789
1526
1789
3054
5731
7934
883
4279
1663
7103
2173
3259
2029
4575
6141
5631
7863
8191
1983
1014
65
6651
8031
2671
6548
3815
5208
543
6791
3960
4011
2751
7007
6382
7605
1789
7835
6133
8032
431
876
2035
2974
8183
5628
5020
1207
8119
2518
133
387
2015
6100
2430
4031
1406
9726
1276
5591
6077
1275
2543
1437
5887
2015
6135
8427
7935
6143
4094
5359
2543
2925
4467
7231
4130
2041
5821
7481
4638
1199
6655
3577
3006
187
5567
7428
1895
8191
27
7611
6003
7577
3937
3827
1939
5293
6103
7473
5595
1214
455
4607
8814
1527
1606
1855
5607
1740
4093
7997
3791
336
3551
5116
2372
340
7586
434
4734
6045
8119
5535
6135
495
4607
5886
6078
6194
634
1403
3813
5591
240
3358
6655
3503
6109
711
6911
8117
2969
8397
2091
5663
447
4975
6919
2681
9278
3903
687
6654
5056
630
5726
7531
8615
7535
475
442
1725
4591
279
9399
5855
2381
7167
6782
7645
5615
7507
1999
6495
3039
4605
691
4127
7366
511
7919
4604
2869
1781
9681
3099
9067
1192
8153
445
4054
9246
6422
3719
4410
6141
6383
3709
7158
1951
1016
3999
7482
873
679
866
1938
6653
6973
2274
51
4839
195
6517
1590
8119
2399
8189
54
3071
4060
5039
3446
2559
2575
5447
1492
2493
2056
1983
3229
7191
895
5622
61
5817
2591
934
3479
7103
1487
2015
691
2047
3007
4511
6639
4863
1027
1519
1015
3071
2810
975
1279
1791
2936
4986
3534
1785
7383
863
437
3855
8151
1791
5119
5279
4095
453
8187
4751
916
1243
1271
2033
1035
3199
507
511
221
128
467
7967
2014
67
1759
6745
6115
8189
3070
3071
2043
1645
7289
749
6259
159
6647
2987
5795
3815
2011
466
1200
507
4753
6563
8123
737
8075
8007
4871
1
4093
3573
3935
1913
3255
3295
4881
1835
1916
3805
2814
3710
6741
6139
9669
5553
9207
3070
1279
6011
9442
375
4046
1028
3830
3046
6921
1791
249
9215
6141
7015
1377
1286
2903
2545
8171
3588
6455
5565
2016
1663
4781
8027
5347
1016
2063
3932
8155
1567
7029
1258
6540
510
5091
6135
3007
3754
2015
5118
4861
2909
7799
53
153
1184
3645
4046
8171
1359
6184
2027
7162
5631
3583
6110
3978
3741
5887
3306
6157
8153
765
555
178
6653
311
2699
3198
2935
4090
1690
4095
4026
1523
5498
6646
831
670
7163
7613
1279
4347
7934
3055
7909
4092
3023
6138
743
234
2164
3455
5630
4347
9021
3807
1727
2039
2023
3521
4031
2681
2358
6280
3033
987
1983
6883
5412
1791
4503
4044
2602
1025
7033
4311
2045
1911
669
3774
1935
1535
8190
1759
2042
3317
6141
1661
3039
9397
7539
7549
662
2629
3839
3772
9357
4095
2039
2294
2907
2039
4095
1901
849
983
5406
1974
7679
6444
3519
2711
8715
5550
8693
223
3429
2463
7551
1531
9087
2045
927
2471
1881
2557
4063
3455
5055
4079
1023
74
1007
3773
6013
5530
1542
1727
5098
1754
6765
535
1743
4095
4085
6102
4095
3837
2028
4967
3420
1470
9901
1503
1652
77
3475
3967
659
4555
6395
1278
8254
2814
5827
5736
3055
4197
6060
2798
1919
1530
3047
8645
7127
1802
55
2933
8181
5847
4015
4477
3461
6123
6588
511
1733
3927
7997
2099
1977
1439
3500
191
4095
6843
5375
7275
5107
7466
3807
105
1601
6839
9647
6140
5658
6111
2687
3751
1918
7982
5983
6430
2542
318
2200
2427
8183
381
3959
5763
6281
2311
5963
3775
3967
1727
1389
6651
4250
5532
9149
990
4895
7087
9357
4095
8191
1902
3097
6972
6894
3307
6239
3455
6136
2046
2302
9087
4063
3817
4031
7004
2484
8190
571
3775
1027
2901
1101
8608
9717
1979
3546
1885
8445
3838
7423
4541
8147
3771
3391
8855
975
991
2991
1022
1663
7963
4739
9694
2991
5045
1819
8123
4092
8061
3024
4861
14
1529
999
5109
5838
4575
1405
1405
1479
7669
8193
8183
3823
8182
3791
1976
3341
6719
1023
3839
9015
4090
5654
2795
2972
2411
3002
3279
453
3935
2417
2879
106
3581
1533
7635
3965
4071
6877
5522
747
3069
3983
2295
7679
6502
5198
1279
2047
1263
7496
5951
5311
1780
2047
407
1662
783
4607
3543
7143
2699
4775
159
4086
571
8187
4971
5038
7589
3959
8191
2565
5503
2206
2659
8062
7576
2047
9805
1899
6901
5383
3183
2410
3067
395
4318
3457
3578
977
5116
7418
239
7951
122
1895
7965
3115
7579
6142
6008
3967
8940
2655
2041
5242
7162
3707
6493
2046
3854
7535
7722
4091
6712
3944
875
6305
321
57
2551
9349
4085
1721
3158
4719
4927
1374
7103
1214
3091
8063
767
34
7167
7540
2361
7667
7359
16
7943
6102
4606
1107
5003
5503
2351
5242
358
4827
3398
5613
8053
3071
7403
6135
6142
625
7535
1017
3533
3314
1262
2029
1267
6074
6908
2042
1915
1119
911
4094
2844
5359
1999
511
2035
3135
1865
3263
3503
506
1319
8156
2562
3039
8171
1394
5878
1775
1791
2552
8062
7379
1767
4074
7455
7391
3247
3630
5367
472
7115
4617
247
4783
1206
1979
7166
1277
9621
1774
1703
3399
5174
74
3840
6071
1254
4221
1791
1023
6135
303
6907
3494
7423
3519
2971
4599
623
4885
5591
125
3655
69
1788
1567
3711
6138
3525
3228
3953
5983
6279
7551
4363
6142
295
4342
6780
5119
7396
6607
3807
8021
6351
5693
1003
3773
8049
2474
2598
965
6191
3878
7400
1495
4348
7146
5629
7679
1910
5691
3071
6653
301
2542
767
5718
312
3969
257
5115
27
8059
2555
1270
3053
4274
3083
4059
4414
2012
379
7418
685
8159
3983
7862
310
6621
1886
8127
7671
2042
3319
2971
1782
6638
3551
1791
5343
7547
6523
3949
3391
218
2023
823
7754
7359
2520
2
3861
1043
7895
6633
6944
3071
2719
7665
4383
7164
7935
3823
1915
7668
4145
4058
3966
3303
3068
5631
9893
3963
825
6907
1343
2865
4915
5623
2693
26
3935
6015
7103
6988
2539
767
7634
5119
4521
887
6140
7855
7899
2025
1526
755
7423
8135
1535
6679
6071
4033
1443
6615
4938
5736
918
7654
3807
1771
6911
7962
1466
667
5243
5033
3813
25
5829
214
6647
7679
1791
981
6909
1501
894
7358
7707
8827
2556
1275
5986
3942
6959
4094
5982
6237
7936
4090
8191
4895
3071
3959
7133
6247
4991
2525
1007
4063
1019
1405
4237
6126
7599
6651
4971
3449
2033
9334
1281
3541
5946
3823
4117
3581
1087
1835
1015
5878
5751
6134
3951
9199
4543
1951
5583
697
7975
5497
4083
412
9376
5694
447
8158
3111
6015
739
5941
9594
3747
955
8063
484
8666
5935
506
1567
6619
7209
159
1532
1969
8071
7591
2775
2606
5113
7007
2045
6646
1003
3139
7631
8585
9229
159
8111
5373
5630
8943
1903
6877
1735
2367
8159
5855
2815
3564
647
7787
2947
1843
2943
1391
6079
1225
831
6527
7823
1790
7678
638
4734
1138
4027
3943
1179
8175
7842
6910
852
7543
6375
3722
1931
1135
4063
6571
2879
959
5761
3999
8139
6143
7165
819
644
4547
534
1981
3812
3551
6392
543
4895
990
7801
2229
1166
2679
9050
4858
19
7615
2007
226
4069
623
1009
4990
7931
3828
1973
3835
4095
3981
1447
4059
3049
1847
758
2635
3575
6843
61
1726
3069
3839
5549
1439
1983
1521
228
2253
4079
5175
3014
4980
255
959
2495
2026
4095
4095
9514
1889
1439
763
5099
3163
887
1969
371
6075
8029
1491
423
5695
8962
2047
887
1479
6367
5886
2525
7423
8703
983
4091
6142
5246
6127
1023
6005
8087
5985
8810
175
1385
438
5628
8030
6646
6586
4983
6589
6362
2911
1791
4523
4046
1723
1981
2039
7934
9917
3063
1643
4031
7075
4095
1974
2045
3771
1983
2523
5680
2555
7671
3583
7867
4062
6047
3211
8692
31
3575
3949
5631
1015
1977
5757
2923
232
3695
6335
3994
6143
1919
5615
5623
510
830
8111
5887
505
3511
5502
5543
4054
3583
1979
3700
3567
5111
1230
1022
3807
547
3563
9183
5807
6125
5247
9397
2299
3951
3950
3391
5570
5564
3070
8526
4575
1790
690
5335
5975
3743
484
4011
7891
13
1467
711
3575
499
638
2934
3448
1651
4063
3966
1533
3915
2794
5999
9184
189
4584
3723
6227
8763
503
7087
543
8062
1931
3327
5989
3871
7935
5109
4091
439
1791
9151
3397
8750
8123
8189
4839
22
8907
8094
7871
4921
4060
5627
9215
8118
3679
1439
4983
5131
389
7855
2846
1791
2881
4590
1404
2591
9116
4072
34
4331
6111
844
2751
199
4478
6143
2040
4091
895
2999
9791
6783
1915
1023
4197
5119
5852
6375
1773
891
6395
2846
8191
4467
63
2650
3367
1003
6519
5677
6911
7677
1680
2211
1727
6019
4092
5085
479
3791
3242
5948
56
7319
3261
1519
2154
5311
3883
5107
891
6590
3067
1742
7610
1550
3773
831
1079
7671
2681
2479
1330
1471
6079
9146
991
8490
2911
4542
6637
447
5567
3834
8382
9356
3837
507
45
8127
6415
251
2900
761
6782
2046
6138
8957
446
7121
5118
6134
1407
9118
6483
2038
3061
1572
7131
3615
500
6295
6139
8191
987
7011
6139
5671
981
7421
6141
1893
2361
6095
7539
1967
3503
1639
1530
5107
7111
1331
3711
4671
1925
7163
2863
571
637
6095
8940
3455
9967
3205
5597
7675
1981
6975
8941
2997
8191
8185
5631
9851
4510
5119
6579
5363
9319
544
4959
1407
347
2430
6103
3486
7135
5631
3292
5399
6904
2411
8115
2405
1779
6142
2044
2019
3071
4831
5935
4607
6525
5375
3035
6014
1023
3503
3617
4330
7615
5631
1533
3967
7273
8443
1939
5843
7504
9692
7167
5359
4047
1883
3534
510
388
7388
6015
1399
5533
5869
1987
1531
1461
5658
3931
488
4061
3580
5313
1276
8061
3138
3779
6691
6807
7459
6652
8143
8317
8576
6359
7151
6909
5490
2047
5741
3451
2277
5108
7199
3967
8155
3775
6260
2479
1519
6783
1655
6878
3889
3518
9263
2031
5631
159
3067
722
8311
351
7035
7535
9846
6927
2013
6847
3132
3859
7167
1207
4093
201
4047
6015
4919
6463
8089
1023
3583
3878
1021
3953
1022
5646
351
375
3193
3775
7086
5622
7962
4094
3574
2815
6143
6366
3903
2168
1006
6143
7999
138
7679
8055
1919
1143
9230
1919
6107
3067
5055
7039
4095
6207
3770
5739
3501
7149
723
8057
895
9410
3531
3764
1998
5612
926
253
5615
9519
3324
2487
3580
1004
8190
1727
2045
2015
3071
4083
3454
6139
2932
4070
6655
2559
6494
4975
7360
2022
3931
8131
2039
2042
1147
1040
1982
7163
1918
8061
1015
6049
5519
2807
7667
7839
7703
4063
3720
3835
4575
6079
4159
5117
6143
5375
4731
1791
6367
1508
7646
6368
1965
1787
8121
5815
1711
5119
881
130
5603
7291
5567
7534
469
4092
5748
5878
5150
1853
6517
5881
2045
2773
2039
1464
1023
8722
3903
8061
3838
1993
2044
7601
8678
7631
1315
1131
3189
5511
5119
3837
6527
3941
1439
185
4991
2044
2559
1262
5935
1911
2285
8157
5311
1869
1791
5178
5090
4971
7854
8063
8185
3780
5351
3378
2614
1919
3787
2005
7583
3195
2463
3677
6520
7846
2807
7037
6143
2665
8123
3551
2012
310
7279
2046
5887
5615
5579
7935
3903
3327
4907
4082
21
701
2047
4795
5531
5559
6667
5631
2039
8028
6073
1526
4063
9311
6338
1491
6479
4831
7931
9471
2046
2685
2645
2014
2028
419
8137
7291
1910
1023
2147
8157
2487
2999
5631
8127
3738
3963
4089
5503
4861
7615
2910
8058
7913
973
3484
1725
9149
7625
2173
4069
3070
2041
8126
6039
5729
8993
6927
8111
95
6571
3059
6015
7863
4925
4063
6561
7039
579
219
3454
7325
1915
3263
507
1151
8183
2047
1470
3710
3555
5855
5119
6902
490
5414
4075
3803
2575
394
601
7871
1021
3547
1785
8191
6911
5371
2037
7503
5931
4026
4029
3054
1647
4975
3053
178
478
6115
3038
3535
7167
4479
2723
8152
7086
7161
131
863
633
3071
1959
9278
6109
3575
4698
351
7647
591
2047
4068
6123
1399
1870
4446
2779
2044
8703
7391
2040
9401
6737
5319
975
5183
337
4095
8970
379
2559
2043
4479
4855
144
7132
4061
2043
7790
3835
5229
8121
5553
1405
767
941
3954
3273
7610
3326
1171
1665
505
3967
9718
791
927
2999
253
7647
639
8062
5366
2008
6327
7599
2043
8159
3554
3262
9605
3023
1052
2927
8958
6071
943
1211
2047
92
983
439
853
6135
6178
959
3829
2806
5878
1288
5647
4831
4859
2247
7119
1115
781
6804
6079
6658
383
1751
2481
1352
1978
8181
7679
311
4527
3886
3515
767
292
5624
7891
2526
7996
5359
3935
480
191
6143
4091
4959
5905
1712
8127
2415
3647
7935
3543
6107
5389
2278
5887
9853
5015
2043
6879
7931
1391
6893
2043
1027
3063
6141
3014
4984
5169
5574
1535
2720
2964
6049
502
3583
1694
7823
5242
7249
1980
2551
383
7359
7254
5379
3065
4009
6586
683
7112
3452
4013
4575
363
3967
2045
1258
2534
4055
1503
1085
2159
7575
6111
4055
2429
3007
2302
3551
6907
3453
2774
7995
7967
9471
3423
6012
1976
5495
4829
3550
6378
3054
3070
3477
7295
7549
5751
4992
615
2430
3866
724
505
7934
1015
7871
6143
2167
991
9081
6143
5563
1598
1919
3951
1529
4095
4539
5303
6021
3289
3557
3819
4079
3835
6988
4896
2507
4088
5852
3959
2487
1918
3327
6651
6051
940
6138
4031
3929
1899
2367
4157
6055
6143
4205
8126
6143
255
3263
2559
6037
4862
8149
8076
3183
1887
4047
223
404
6124
6605
4059
3837
2933
5631
3145
3065
2188
8965
239
8702
6655
3977
1823
687
637
7105
8149
4095
1918
1919
79
3965
779
3383
3839
9540
2301
2655
3229
1405
2418
2623
127
2631
1983
8182
4342
1398
5371
3191
5013
287
5103
7166
2047
5087
1789
6911
6238
4008
1214
9029
6255
1743
5951
3322
1299
5764
5567
4093
6447
5118
8959
2031
2715
7379
5435
7102
383
23
1642
5597
6099
7311
3567
1691
5023
603
1438
7623
5119
5111
8861
6395
367
3869
615
1373
288
2652
1461
8622
4167
3983
1871
6099
4835
951
5119
8190
3739
247
1828
4866
4906
3815
2714
3544
8153
1514
7103
313
1198
357
4075
6393
206
574
6111
7052
505
1885
2525
4073
7271
5833
6395
3901
7384
1647
9518
887
6143
8162
1335
7743
1658
2511
5307
1981
4797
6015
7163
3775
2521
2940
8175
1099
217
3295
4906
7150
1463
4991
7161
751
5875
1879
3282
4831
953
5726
4095
7099
887
3287
3839
4939
5842
3215
895
4540
679
7679
7407
1758
3515
1463
7143
7355
3055
7819
6126
3
3547
8063
2045
1980
2885
3786
438
8685
7007
6631
5087
3583
665
575
1279
5869
9597
9071
2039
247
1855
1533
8186
4898
5223
2047
1523
2271
7099
2383
3949
507
3165
6135
505
3992
8189
5055
4027
4090
1528
7679
8101
6270
3118
1294
2903
3577
5119
4607
8158
7916
4298
4087
6043
762
4577
3263
1125
2749
829
1500
4087
8187
351
276
5997
121
2838
113
1334
2661
1735
3482
311
6105
9214
2867
6598
3071
3419
8175
8111
894
1790
3711
3323
4078
1977
1211
5117
2548
3899
1339
4351
4837
2942
2941
2547
8359
7935
7119
4090
1110
987
4029
1933
3153
8054
4351
6909
511
6599
5599
3567
1864
587
7931
2047
4079
3005
4441
2907
7538
3549
766
4079
8135
1567
6135
495
183
4926
631
7029
198
1047
6494
1227
5727
2046
7263
495
7167
7750
2365
9613
2003
1538
3894
7996
1159
6359
7369
1949
9129
4087
3
3662
9471
2931
2559
1392
44
2542
6906
7952
1739
1763
987
4017
3963
6891
2813
815
6911
2812
2045
382
6119
8039
2575
3178
7679
3215
4095
742
478
6907
1567
7927
3815
8051
3543
6142
6351
1771
1935
7922
1855
3551
6059
4347
310
5278
4008
6901
2399
3831
6141
1224
8117
5879
767
4030
4709
5966
2727
3063
261
8119
505
767
2910
9090
5077
6063
3951
5847
6495
5775
6198
1535
1278
5478
1567
4991
385
3935
8095
7999
5119
7087
2520
4095
7755
3703
119
9844
5578
1975
5183
2555
2461
2044
5087
7530
3967
951
8103
6463
1023
8119
383
3070
4095
8109
7037
2551
8151
4093
9023
3894
3327
9195
9323
2621
2030
5986
7959
3967
2542
2943
464
7200
7878
2139
462
943
5101
6435
119
1350
383
4946
7165
6839
735
4055
5567
5105
8063
3175
7163
5887
2734
726
5787
2943
4687
3349
2039
7566
4895
2990
3039
6646
94
4537
892
7856
1781
2220
1015
7934
5599
1751
5019
8175
6367
5955
3319
4095
6109
4439
3805
7799
6526
1787
1550
823
3247
227
307
745
5078
7867
7546
7647
1551
3354
319
2560
4383
3695
3945
4029
9099
7149
4087
7159
579
639
958
1911
2922
7023
7391
3831
2023
2029
4090
223
2479
7927
5491
191
3774
1687
2652
5069
1786
950
8927
1531
8191
1783
4573
949
3674
5837
540
985
3581
2972
511
1751
7926
223
8030
6111
4089
3326
671
128
8061
6065
331
1471
1247
7141
6141
990
7471
4899
6910
2550
8847
4053
7611
5119
987
1662
1783
2472
6113
7102
6969
1471
4533
735
7031
6127
3326
1942
3839
5630
363
2573
5753
7245
7359
507
463
5305
3054
1679
1661
442
1048
4095
2411
5039
2687
7807
1022
85
2046
67
9707
166
8415
8651
478
423
5631
4079
8103
7806
3489
1552
1007
1301
4087
3303
1065
5265
6662
1791
5505
5626
6079
3955
2094
1939
7027
740
3552
4327
3067
6076
5086
5179
6708
3958
7423
6174
1016
5942
2815
4311
4859
1535
3551
6860
8043
8189
3915
3326
5590
2751
9595
1023
5501
238
6399
5877
9215
3324
6103
154
498
3579
6655
9141
7099
2043
7179
2013
311
1559
4387
6073
3066
2431
1407
4498
7423
1883
8190
3546
5122
4607
4639
4990
9298
7613
7169
812
2014
8032
3647
8662
2939
7471
9046
6321
60
605
6014
3455
495
3765
9
8639
3717
2943
8091
2046
1597
1599
1440
957
2267
9919
8143
3563
3789
8711
2745
4842
1403
5374
5991
1022
2791
7159
3295
6133
1277
7639
3054
8182
5338
887
373
3071
9597
1521
5903
1975
845
310
2755
5550
5971
4023
415
3583
9117
7835
1791
4077
881
1885
2483
7610
488
1376
1894
6655
999
5535
4987
7102
2933
1790
8190
1794
2552
1021
5668
4383
7530
8447
5882
1657
5481
7323
7095
6078
5359
1531
1700
4085
7484
255
493
380
395
1359
663
6111
6133
1679
2042
222
5775
3517
12
4622
2039
3545
6207
1487
2541
2043
1165
6343
367
4176
1914
1951
2551
7002
7964
9271
5898
2239
4087
4989
3071
6561
105
11
2010
2342
5375
3838
1023
3199
607
6010
4990
4058
2799
5110
6103
5113
6909
2219
6134
7167
4247
3279
3066
5117
5791
2677
845
7903
7761
8823
6141
447
383
1999
5101
2559
8053
187
4015
5375
8031
8191
3067
6015
3828
2942
8258
7155
3071
5887
4508
743
3579
7503
8127
2719
7023
1023
7039
6142
2015
3195
9407
7537
9242
6410
4071
6286
7925
6663
5327
6091
2895
7780
2573
7358
3447
439
5243
3699
895
2495
15
5819
5966
1975
4063
2039
1785
4863
5878
491
3830
6541
2843
83
4576
9179
8030
7679
4009
5781
6121
9653
8013
3701
1007
4343
845
7156
4999
5711
251
2555
108
4078
3771
2736
5595
3447
997
2804
9976
119
1538
2046
3039
2681
1845
8183
3468
6911
1535
4988
5101
8703
9290
8054
1118
2622
1975
3198
5301
3380
3206
8179
2573
2023
473
3799
1639
3702
5503
7357
6399
2936
7422
9671
5759
3582
9519
2040
5118
2175
6909
2491
8823
3934
4220
5214
5997
8175
3950
2040
4078
7678
5940
815
6143
3567
1919
1002
7903
770
3061
7743
3071
6078
7414
6142
7100
2037
2086
9308
2751
351
631
3485
763
4626
95
5070
3708
3900
8173
6651
2009
2035
1402
2031
5693
6039
1135
5815
6841
5559
2111
3875
7647
959
3963
3833
7315
3583
4606
2297
991
6631
3839
831
5879
3071
3293
8135
639
4651
1825
1199
2751
255
9173
2471
6663
691
1002
8031
5823
937
8058
867
2606
1807
8432
1535
5311
8989
955
4175
111
2927
8053
559
1203
1789
1532
3720
5611
4115
3327
6847
387
5213
4511
1261
4095
4079
1337
735
2300
6393
5477
1513
1974
1868
3038
6011
5596
2082
5982
3183
1163
6567
9195
6103
4063
2459
4015
3583
892
4701
6437
2846
4431
5982
1936
3951
3071
5389
6955
9130
7065
4891
6369
5660
6831
5886
8094
2675
1655
3755
1466
1486
3305
6495
834
4760
254
4082
5615
2156
3023
7166
8559
1015
178
8191
4255
507
7900
2879
1663
1535
261
1277
2037
2219
1996
3503
5615
4959
7423
7868
8847
1092
3884
1182
3951
4567
6658
479
4991
4666
4095
8928
382
1023
6365
1482
6050
7103
1023
8179
9833
6138
2045
4863
1199
8105
8127
635
6138
3322
1847
5635
2299
243
2507
6133
7155
2664
2934
1708
5109
3671
1087
4012
3959
3567
6205
1391
8006
2894
3730
8183
5115
6137
5621
7950
2043
5070
7355
2508
2679
8063
478
6779
7167
4047
3053
4350
6839
5757
5601
8447
456
4023
2463
1549
5606
4047
223
6687
2611
4508
765
4940
3513
3775
8191
3829
7151
911
3498
7343
4685
5934
441
5631
3058
511
7038
254
6142
507
4509
55
2007
7420
1591
7663
4066
3648
145
3072
8186
4724
892
4094
6079
3063
6078
5055
1985
1291
6143
6303
5615
4541
5311
4576
7020
4072
503
7320
256
6143
5697
8263
636
4093
6061
2303
499
4063
8971
4087
2511
6589
4017
2045
6351
5103
6587
1695
1789
877
3319
213
7615
3773
3580
4979
2519
6651
3523
6142
8062
6078
28
4615
183
3579
3450
539
4062
6487
7709
2001
3323
1017
1619
445
5345
7103
3967
7130
3372
2192
8063
3894
4057
5479
7929
6122
6653
7578
7903
277
3551
4959
7900
9760
8678
4060
4403
4303
3866
1901
6038
345
271
883
352
1284
3579
8311
2811
8022
9147
1263
6143
793
4599
3071
1150
8191
608
8111
6631
2039
3575
3867
67
4145
206
7587
7903
3902
4571
6615
1879
4810
6129
6071
7406
4095
2805
357
3519
4730
6257
5375
5817
2345
5759
55
3902
8126
1374
251
1401
3007
2927
9197
285
3583
4991
3033
862
468
4334
8138
1271
2016
9311
3295
3567
685
5628
6869
1600
789
1567
7241
3327
3829
8695
703
1023
7133
4219
4958
2943
2774
2334
8167
2045
7229
1515
7452
7488
14
5629
8188
5610
1726
2047
3408
4278
6239
5871
3711
7066
1631
1015
8707
1678
924
7807
2868
4079
4573
5115
2047
7839
4095
2521
7550
6585
7167
809
190
4089
6131
3319
5950
1227
7519
657
158
1917
2287
811
5726
1535
6744
8183
5750
380
7679
7654
2654
4094
6636
607
4015
9022
5635
1783
955
3167
4815
7079
6139
1009
8327
1017
894
1847
1341
167
1975
5259
5882
6880
1947
5951
5093
1851
6847
6007
7291
223
4989
1787
6623
255
2627
571
3933
8106
8922
4475
864
4087
1789
3071
5038
1975
7589
1975
3964
1263
5371
3610
4054
7794
8166
3901
7661
2477
7607
3063
5599
282
3933
8918
9820
6037
2007
6268
2015
7931
7358
8496
7491
7711
4095
1558
3439
5695
1982
687
1724
5099
3327
7167
3645
9967
4095
7677
1817
4088
4091
1881
4507
5082
5107
2869
8492
8127
4023
1438
253
7046
5103
4586
553
7933
488
5359
602
8191
863
3963
1791
3663
4019
4607
943
3689
7007
3933
4827
1279
8470
1919
5640
2546
5279
8155
1022
1839
431
5942
4029
1772
7378
1701
986
5111
3061
767
8181
9750
1629
3947
1339
3041
8895
4855
6847
7668
3023
3919
7451
8149
420
6487
7840
3999
1503
3703
5806
3311
6143
7479
439
4094
1228
60
3308
1215
6105
2366
502
8190
7006
1273
2287
1535
3838
4467
5935
3520
4030
943
3311
1091
30
3583
2505
3909
1743
7193
3232
5241
381
6257
126
2367
7791
509
8043
250
8959
1015
6391
4847
3038
4983
7119
6143
4083
3454
6490
370
2219
2063
52
1453
1919
1019
4265
667
951
2519
767
2119
1782
7583
8123
2409
4087
9151
3358
6814
54
6655
7183
888
5046
221
431
8583
8801
981
5502
3087
2735
31
1149
1721
3567
2543
8863
1327
951
160
2560
9
953
5043
5295
8699
3815
9343
2431
2473
8185
4543
3967
146
6095
1019
6394
8047
4927
4077
840
1600
3200
1249
5983
7214
505
5092
5113
7673
6135
7167
8191
3322
4941
4011
3083
1458
4880
4052
129
8917
7991
7165
1519
8367
145
2871
6126
6591
3583
7770
351
2563
727
5823
1023
4081
2550
4501
6887
3294
4605
2841
694
2301
5829
6143
1277
4094
6047
583
4543
3555
7027
2046
1726
670
8187
3900
9591
8511
3507
6694
7438
7163
5887
509
9462
4989
3709
3967
3575
5887
2329
5631
765
4086
7182
5935
1999
3295
3254
1161
2793
9471
8147
6671
1470
3455
3591
734
7823
119
7911
2654
6554
2010
1950
5551
3516
3291
3837
2015
1593
2385
4077
2034
5499
1391
987
3066
6643
3473
5337
951
5243
735
3053
6423
2047
3647
5341
7678
7847
3199
703
6126
7935
1098
1278
3110
3565
4029
348
5883
2926
3199
5222
8166
8749
7163
4091
1347
7151
3460
1020
9415
2041
3197
6122
9807
8812
3135
618
1719
877
3903
4285
7342
7167
4825
3071
5631
1834
3071
6463
1727
779
7793
2940
4922
6671
9689
8048
1915
6082
1902
6144
8831
2559
7069
7549
9326
1263
6117
6106
2047
4038
8191
5566
718
622
6627
1918
1869
3006
3989
3038
1352
2615
493
2556
2046
3800
4575
7851
2042
1663
8899
7798
5599
1021
6399
2753
5993
1087
3481
7679
4827
1981
3047
3230
139
5746
5158
4543
8509
5343
5999
4087
3180
6782
5502
987
1911
8190
194
5671
2758
5615
4090
796
2015
5983
960
3501
3775
3970
2789
6363
767
8679
260
1698
3022
6535
2699
7407
6015
251
4248
740
815
1288
1279
2004
5621
1781
3871
3837
3443
3946
2551
2024
9511
6047
2850
2941
8127
1495
7799
4030
7935
1766
8179
8003
7709
5538
272
4031
990
1641
3747
5591
5115
830
8118
6327
6079
8126
6639
997
2751
3039
9659
7671
6194
4451
3959
1982
7415
719
187
5611
1150
6945
7023
5766
1862
8319
1231
5095
3967
3775
4090
2812
6010
2280
6061
2219
3835
6958
7447
2311
902
7899
2478
4789
5823
8178
7805
4607
1012
7678
8051
4094
8666
47
6577
1519
2796
2023
4094
1353
4087
2719
955
879
4094
4095
2959
3798
3453
3793
158
95
1663
815
5603
8156
735
6390
9087
9343
3502
3565
1847
8098
6109
1771
3531
1771
5245
5355
635
3582
3935
1499
4548
5869
7831
7422
1918
8506
499
1723
5755
4887
2449
5287
1093
5791
2283
5341
8705
439
9243
3567
3903
4087
3743
5519
6638
399
6289
5502
1425
7973
1919
2999
6143
7902
5017
1347
4063
1567
3734
5807
2937
4019
1195
737
4042
4095
4051
2531
1376
1021
4079
2527
7670
3558
2143
5887
86
3032
3931
5831
4161
1948
3822
3071
5527
1725
2583
5527
8703
1534
3231
3519
1531
1515
7163
4061
5099
6911
5755
2655
1019
3290
7670
2047
8190
5208
1549
760
2807
5871
6455
3967
2813
2307
5117
6138
1911
7167
5184
3068
3245
7179
2207
5882
7462
7931
4319
3931
7396
1529
7149
859
4079
399
867
5309
2046
2045
7711
4079
2863
1983
8103
917
1023
2762
7804
8170
3469
9085
5195
2038
1027
4223
2046
3305
4087
3837
4095
6069
5267
1295
1470
2943
283
6003
9695
3326
159
511
7236
8959
1784
8159
7654
3535
4451
1963
7638
686
4071
3567
5935
7164
479
4355
7933
845
3437
5621
58
4855
759
4863
3066
3188
6506
5117
2761
5778
1263
2923
4699
7917
3614
4007
4511
1518
9160
4831
6137
7415
5565
1891
8991
3571
1530
4077
9392
4718
7558
1515
5116
7342
3481
5055
3771
112
1407
210
3815
7258
1983
1303
1295
9
78
6141
3839
8191
6629
5075
8159
2045
1381
1119
8190
6133
3581
3822
6647
2043
3766
574
763
1085
1159
7918
4456
8191
4722
5375
3581
3511
1015
1975
567
4276
7807
6911
2037
5239
5621
6143
3007
7005
6135
6269
4087
5855
6132
1534
2495
1900
6046
167
478
5630
31
7148
7911
1975
8189
4379
1407
4094
4287
5375
9471
2878
4093
7230
1789
6239
1031
971
5226
1441
7805
1901
1466
637
8122
6010
8047
7453
5070
3349
3433
7259
5118
1735
7390
344
8926
2047
9587
2672
7274
4027
6781
7834
6397
7419
2036
4095
7854
945
6143
1907
3951
7525
6719
1909
4533
3509
8079
2500
3182
3923
3519
482
3986
1725
501
4253
4983
2031
2671
7738
7022
5460
4479
887
2911
5622
4703
4159
8183
5856
3068
4093
8157
6765
1902
7439
6677
3955
3070
6126
5671
1691
8191
8179
4095
6130
5804
719
1843
8026
882
5217
4279
3047
1279
1401
2047
1758
1791
6271
4927
3105
871
30
941
2275
2605
6334
4223
6135
1621
294
3065
1781
6621
6975
8304
6443
3559
8014
5458
7151
3001
4079
3901
253
9407
4671
3012
2238
5934
9210
2735
637
877
8958
8167
5883
4055
1329
6652
3301
6039
1531
503
1277
231
2399
828
2013
935
4591
4607
7118
1471
6814
1887
3019
7615
7190
4541
6646
6511
379
6419
4063
4887
5871
2975
1343
3823
228
8191
2735
2431
