138
226 34
225 34
224 34
223 34
222 34
221 34
220 34
219 34
218 34
217 34
216 34
215 34
214 34
213 34
212 34
211 34
210 34
209 34
208 34
207 34
206 34
205 34
204 34
203 34
202 34
201 34
200 34
199 34
198 34
197 34
196 34
195 34
194 34
193 34
192 34
191 34
190 34
189 34
188 34
187 34
186 34
185 34
184 34
183 34
182 34
181 34
180 34
179 34
178 34
177 34
176 34
175 34
174 34
173 34
172 34
171 34
170 34
169 34
168 34
167 34
166 34
165 34
164 34
163 34
162 34
161 34
160 34
159 34
158 34
157 34
156 34
155 34
154 34
153 34
152 34
151 34
150 34
149 34
148 34
147 34
146 34
145 34
144 34
143 34
142 34
141 34
140 34
139 34
138 34
137 34
136 34
135 34
134 34
133 34
132 34
131 34
130 34
129 34
128 34
127 34
126 34
125 34
124 34
123 34
122 34
121 34
120 34
119 34
118 34
117 34
116 34
115 34
114 34
113 34
112 34
111 34
110 34
109 34
108 34
107 34
106 34
105 34
104 34
103 34
102 34
101 34
100 34
99 34
98 34
97 34
96 34
95 34
94 34
93 34
93 33
93 32
93 31
93 30
