104
1 1
1 2
2 2
3 2
4 2
4 3
5 3
6 3
7 3
8 3
9 3
10 3
11 3
12 3
13 3
14 3
15 3
16 3
17 3
18 3
19 3
19 4
20 4
21 4
22 4
23 4
24 4
25 4
25 5
26 5
26 6
27 6
28 6
29 6
30 6
31 6
32 6
33 6
34 6
35 6
35 7
36 7
37 7
38 7
39 7
40 7
41 7
42 7
43 7
44 7
45 7
46 7
47 7
48 7
49 7
50 7
51 7
52 7
52 8
53 8
54 8
55 8
56 8
57 8
58 8
58 9
59 9
60 9
61 9
62 9
63 9
64 9
65 9
66 9
67 9
68 9
69 9
70 9
71 9
72 9
73 9
73 10
73 11
73 12
73 13
73 14
74 14
74 15
74 16
74 17
74 18
74 19
75 19
76 19
77 19
77 20
77 21
77 22
77 23
77 24
78 24
78 25
79 25
80 25
