314
13 92
14 92
15 92
16 92
17 92
18 92
19 92
20 92
21 92
22 92
23 92
24 92
25 92
26 92
27 92
28 92
29 92
30 92
31 92
32 92
33 92
34 92
35 92
35 91
36 91
37 91
38 91
39 91
40 91
41 91
42 91
43 91
44 91
45 91
46 91
47 91
48 91
49 91
50 91
51 91
51 90
52 90
53 90
54 90
55 90
56 90
57 90
58 90
59 90
60 90
61 90
62 90
63 90
64 90
65 90
66 90
67 90
68 90
69 90
70 90
71 90
72 90
73 90
74 90
75 90
76 90
77 90
77 89
78 89
79 89
80 89
81 89
82 89
83 89
83 88
84 88
85 88
86 88
87 88
88 88
89 88
89 87
90 87
91 87
92 87
93 87
94 87
95 87
96 87
97 87
98 87
99 87
100 87
101 87
102 87
103 87
104 87
105 87
106 87
107 87
108 87
109 87
110 87
111 87
112 87
113 87
114 87
115 87
116 87
117 87
117 86
118 86
119 86
120 86
121 86
122 86
123 86
124 86
125 86
126 86
127 86
128 86
129 86
130 86
131 86
132 86
133 86
134 86
135 86
136 86
137 86
138 86
139 86
140 86
141 86
142 86
142 85
143 85
144 85
145 85
146 85
146 84
147 84
148 84
149 84
150 84
151 84
152 84
153 84
154 84
155 84
156 84
157 84
158 84
159 84
160 84
161 84
162 84
163 84
164 84
165 84
166 84
167 84
168 84
169 84
170 84
171 84
172 84
173 84
174 84
175 84
176 84
177 84
178 84
179 84
180 84
180 83
181 83
182 83
183 83
184 83
184 82
185 82
186 82
187 82
188 82
189 82
190 82
191 82
191 81
192 81
193 81
194 81
195 81
196 81
197 81
198 81
199 81
200 81
201 81
202 81
203 81
204 81
205 81
206 81
206 80
206 79
207 79
208 79
208 78
209 78
210 78
211 78
212 78
213 78
213 77
214 77
215 77
216 77
217 77
218 77
219 77
220 77
221 77
222 77
223 77
224 77
225 77
226 77
227 77
228 77
229 77
230 77
231 77
232 77
233 77
233 76
233 75
234 75
235 75
236 75
237 75
238 75
239 75
240 75
241 75
241 74
241 73
241 72
241 71
241 70
241 69
241 68
241 67
242 67
242 66
242 65
242 64
242 63
242 62
242 61
242 60
242 59
242 58
242 57
242 56
242 55
242 54
242 53
242 52
242 51
242 50
242 49
242 48
242 47
242 46
242 45
242 44
242 43
243 43
243 42
243 41
243 40
243 39
243 38
243 37
243 36
243 35
244 35
245 35
245 34
245 33
245 32
245 31
245 30
245 29
245 28
245 27
245 26
245 25
245 24
245 23
245 22
246 22
246 21
246 20
246 19
246 18
246 17
247 17
247 16
247 15
248 15
248 14
