661
260 391
261 391
262 391
263 391
264 391
265 391
266 391
267 391
268 391
269 391
270 391
271 391
272 391
273 391
274 391
275 391
276 391
277 391
278 391
279 391
280 391
281 391
282 391
283 391
284 391
285 391
286 391
287 391
288 391
289 391
290 391
291 391
292 391
293 391
294 391
295 391
296 391
297 391
298 391
299 391
300 391
301 391
302 391
303 391
304 391
305 391
306 391
307 391
308 391
309 391
310 391
311 391
312 391
313 391
314 391
315 391
316 391
317 391
318 391
319 391
320 391
321 391
322 391
323 391
324 391
325 391
326 391
327 391
328 391
329 391
330 391
331 391
332 391
333 391
334 391
335 391
336 391
337 391
338 391
339 391
340 391
341 391
342 391
343 391
344 391
345 391
346 391
347 391
348 391
349 391
350 391
351 391
352 391
353 391
354 391
355 391
356 391
357 391
358 391
359 391
360 391
361 391
362 391
363 391
364 391
365 391
366 391
367 391
368 391
369 391
370 391
371 391
372 391
373 391
374 391
375 391
376 391
377 391
378 391
379 391
380 391
381 391
382 391
383 391
384 391
385 391
386 391
387 391
388 391
389 391
390 391
391 391
392 391
393 391
394 391
395 391
396 391
397 391
398 391
399 391
400 391
401 391
402 391
403 391
404 391
405 391
406 391
407 391
408 391
409 391
410 391
411 391
412 391
413 391
414 391
415 391
416 391
417 391
418 391
419 391
420 391
421 391
422 391
423 391
424 391
425 391
426 391
427 391
428 391
429 391
430 391
431 391
432 391
433 391
434 391
435 391
436 391
437 391
438 391
439 391
440 391
441 391
442 391
443 391
444 391
445 391
446 391
447 391
448 391
449 391
450 391
451 391
452 391
453 391
454 391
455 391
456 391
457 391
458 391
459 391
460 391
461 391
462 391
463 391
464 391
465 391
466 391
467 391
468 391
469 391
470 391
471 391
472 391
473 391
474 391
475 391
476 391
477 391
478 391
479 391
480 391
481 391
482 391
483 391
484 391
485 391
486 391
487 391
488 391
489 391
490 391
491 391
492 391
493 391
494 391
495 391
496 391
497 391
498 391
499 391
500 391
501 391
502 391
503 391
504 391
505 391
506 391
507 391
508 391
509 391
510 391
511 391
512 391
513 391
514 391
515 391
516 391
517 391
518 391
519 391
520 391
521 391
522 391
523 391
524 391
525 391
526 391
527 391
528 391
529 391
530 391
531 391
532 391
533 391
534 391
535 391
536 391
537 391
538 391
539 391
540 391
541 391
542 391
543 391
544 391
545 391
546 391
547 391
548 391
549 391
550 391
551 391
552 391
553 391
554 391
555 391
556 391
557 391
558 391
559 391
560 391
561 391
562 391
563 391
564 391
565 391
566 391
567 391
568 391
569 391
570 391
571 391
572 391
573 391
574 391
575 391
576 391
577 391
578 391
579 391
580 391
581 391
582 391
583 391
584 391
585 391
586 391
587 391
588 391
589 391
590 391
591 391
592 391
593 391
594 391
595 391
596 391
597 391
598 391
599 391
600 391
601 391
602 391
603 391
604 391
605 391
606 391
607 391
608 391
609 391
610 391
611 391
612 391
613 391
614 391
615 391
616 391
617 391
618 391
619 391
620 391
621 391
622 391
623 391
624 391
625 391
626 391
627 391
628 391
629 391
630 391
631 391
632 391
633 391
634 391
635 391
636 391
637 391
638 391
639 391
640 391
641 391
642 391
643 391
644 391
645 391
646 391
647 391
648 391
649 391
650 391
651 391
652 391
653 391
654 391
655 391
656 391
657 391
658 391
659 391
660 391
661 391
662 391
663 391
664 391
665 391
666 391
667 391
668 391
669 391
670 391
671 391
672 391
673 391
674 391
675 391
676 391
677 391
678 391
679 391
680 391
681 391
682 391
683 391
684 391
685 391
686 391
687 391
688 391
689 391
690 391
691 391
692 391
693 391
694 391
695 391
696 391
697 391
698 391
699 391
700 391
701 391
702 391
703 391
704 391
705 391
706 391
707 391
708 391
709 391
710 391
711 391
712 391
713 391
714 391
715 391
716 391
717 391
718 391
719 391
720 391
721 391
722 391
723 391
724 391
725 391
726 391
727 391
728 391
729 391
730 391
731 391
732 391
733 391
734 391
735 391
736 391
737 391
738 391
739 391
740 391
741 391
742 391
743 391
744 391
745 391
746 391
747 391
748 391
749 391
750 391
751 391
752 391
753 391
754 391
755 391
756 391
757 391
758 391
759 391
760 391
761 391
762 391
763 391
764 391
765 391
766 391
767 391
768 391
769 391
770 391
771 391
772 391
773 391
774 391
775 391
776 391
777 391
778 391
779 391
780 391
781 391
782 391
783 391
784 391
785 391
786 391
787 391
788 391
789 391
790 391
791 391
792 391
793 391
794 391
795 391
796 391
797 391
798 391
799 391
800 391
801 391
801 392
801 393
801 394
801 395
801 396
801 397
801 398
801 399
801 400
801 401
801 402
801 403
801 404
801 405
801 406
801 407
801 408
801 409
801 410
801 411
801 412
801 413
801 414
801 415
801 416
801 417
801 418
801 419
801 420
801 421
801 422
801 423
801 424
801 425
801 426
801 427
801 428
801 429
801 430
801 431
801 432
801 433
801 434
801 435
801 436
801 437
801 438
801 439
801 440
801 441
801 442
801 443
801 444
801 445
801 446
801 447
801 448
801 449
801 450
801 451
801 452
801 453
801 454
801 455
801 456
801 457
801 458
801 459
801 460
801 461
801 462
801 463
801 464
801 465
801 466
801 467
801 468
801 469
801 470
801 471
801 472
801 473
801 474
801 475
801 476
801 477
801 478
801 479
801 480
801 481
801 482
801 483
801 484
801 485
801 486
801 487
801 488
801 489
801 490
801 491
801 492
801 493
801 494
801 495
801 496
801 497
801 498
801 499
801 500
801 501
801 502
801 503
801 504
801 505
801 506
801 507
801 508
801 509
801 510
