82
816 885
817 885
818 885
819 885
820 885
821 885
822 885
823 885
824 885
825 885
826 885
827 885
828 885
829 885
830 885
831 885
832 885
833 885
834 885
835 885
836 885
837 885
838 885
839 885
840 885
841 885
842 885
843 885
844 885
845 885
846 885
847 885
848 885
848 884
848 883
848 882
848 881
848 880
848 879
848 878
848 877
848 876
848 875
848 874
848 873
848 872
848 871
848 870
848 869
848 868
848 867
848 866
848 865
848 864
848 863
848 862
848 861
848 860
848 859
848 858
848 857
848 856
848 855
848 854
848 853
848 852
848 851
848 850
848 849
848 848
848 847
848 846
848 845
848 844
848 843
848 842
848 841
848 840
848 839
848 838
848 837
848 836
