759
292 376
293 376
294 376
295 376
296 376
297 376
298 376
299 376
300 376
301 376
302 376
303 376
304 376
305 376
306 376
307 376
308 376
309 376
310 376
311 376
312 376
313 376
314 376
315 376
316 376
317 376
318 376
319 376
320 376
321 376
322 376
323 376
324 376
325 376
326 376
327 376
328 376
329 376
330 376
331 376
332 376
333 376
334 376
335 376
336 376
337 376
338 376
339 376
340 376
341 376
342 376
343 376
344 376
345 376
346 376
347 376
348 376
349 376
350 376
351 376
352 376
353 376
354 376
355 376
356 376
357 376
358 376
359 376
360 376
361 376
362 376
363 376
364 376
365 376
366 376
367 376
368 376
369 376
370 376
371 376
372 376
373 376
374 376
375 376
376 376
377 376
378 376
379 376
380 376
381 376
382 376
383 376
384 376
385 376
386 376
387 376
388 376
389 376
390 376
391 376
392 376
393 376
394 376
395 376
396 376
397 376
398 376
399 376
400 376
401 376
402 376
403 376
404 376
405 376
406 376
407 376
408 376
409 376
410 376
411 376
412 376
413 376
414 376
415 376
416 376
417 376
418 376
419 376
420 376
421 376
422 376
423 376
424 376
425 376
426 376
427 376
428 376
429 376
430 376
431 376
432 376
433 376
434 376
435 376
436 376
437 376
438 376
439 376
440 376
441 376
442 376
443 376
444 376
445 376
446 376
447 376
448 376
449 376
450 376
451 376
452 376
453 376
454 376
455 376
456 376
457 376
458 376
459 376
460 376
461 376
462 376
463 376
464 376
465 376
466 376
467 376
468 376
469 376
470 376
471 376
472 376
473 376
474 376
475 376
476 376
477 376
478 376
479 376
480 376
481 376
482 376
483 376
484 376
485 376
486 376
487 376
488 376
489 376
490 376
491 376
492 376
493 376
494 376
495 376
496 376
497 376
498 376
499 376
500 376
501 376
502 376
503 376
504 376
505 376
506 376
507 376
508 376
509 376
510 376
511 376
512 376
513 376
514 376
515 376
516 376
517 376
518 376
519 376
520 376
521 376
522 376
523 376
524 376
525 376
526 376
527 376
528 376
529 376
530 376
531 376
532 376
533 376
534 376
535 376
536 376
537 376
538 376
539 376
540 376
541 376
542 376
543 376
544 376
545 376
546 376
547 376
548 376
549 376
550 376
551 376
552 376
553 376
554 376
555 376
556 376
557 376
558 376
559 376
560 376
561 376
562 376
563 376
564 376
565 376
566 376
567 376
568 376
569 376
570 376
571 376
572 376
573 376
574 376
575 376
576 376
577 376
578 376
579 376
580 376
581 376
582 376
583 376
584 376
585 376
586 376
587 376
588 376
589 376
590 376
591 376
592 376
593 376
594 376
595 376
596 376
597 376
598 376
599 376
600 376
601 376
602 376
603 376
604 376
605 376
606 376
607 376
608 376
609 376
610 376
611 376
612 376
613 376
614 376
615 376
616 376
617 376
618 376
619 376
620 376
621 376
622 376
623 376
624 376
625 376
626 376
627 376
628 376
629 376
630 376
631 376
632 376
633 376
634 376
635 376
636 376
637 376
638 376
639 376
640 376
641 376
642 376
643 376
644 376
645 376
646 376
647 376
648 376
649 376
650 376
651 376
652 376
653 376
654 376
655 376
656 376
657 376
658 376
659 376
660 376
661 376
662 376
663 376
664 376
665 376
666 376
667 376
668 376
669 376
670 376
671 376
672 376
673 376
674 376
675 376
676 376
677 376
678 376
679 376
680 376
681 376
682 376
683 376
684 376
685 376
686 376
687 376
688 376
689 376
690 376
691 376
692 376
693 376
694 376
695 376
696 376
697 376
698 376
699 376
700 376
701 376
702 376
703 376
704 376
705 376
706 376
707 376
708 376
709 376
710 376
711 376
712 376
713 376
714 376
715 376
716 376
717 376
718 376
719 376
720 376
721 376
722 376
723 376
724 376
725 376
726 376
727 376
728 376
729 376
730 376
731 376
732 376
733 376
734 376
735 376
736 376
737 376
738 376
739 376
740 376
741 376
742 376
743 376
744 376
745 376
746 376
747 376
748 376
749 376
750 376
751 376
752 376
753 376
754 376
755 376
756 376
757 376
758 376
759 376
760 376
761 376
762 376
763 376
764 376
765 376
766 376
767 376
768 376
769 376
770 376
771 376
772 376
773 376
774 376
775 376
776 376
777 376
778 376
779 376
780 376
781 376
782 376
783 376
784 376
785 376
786 376
787 376
788 376
789 376
790 376
791 376
792 376
793 376
794 376
795 376
796 376
797 376
798 376
799 376
800 376
801 376
802 376
803 376
804 376
805 376
806 376
807 376
808 376
809 376
810 376
811 376
812 376
813 376
814 376
815 376
816 376
817 376
818 376
819 376
820 376
821 376
822 376
823 376
824 376
825 376
826 376
827 376
828 376
829 376
830 376
831 376
832 376
833 376
834 376
835 376
836 376
837 376
838 376
839 376
840 376
841 376
842 376
843 376
844 376
845 376
846 376
847 376
848 376
849 376
849 377
849 378
849 379
849 380
849 381
849 382
849 383
849 384
849 385
849 386
849 387
849 388
849 389
849 390
849 391
849 392
849 393
849 394
849 395
849 396
849 397
849 398
849 399
849 400
849 401
849 402
849 403
849 404
849 405
849 406
849 407
849 408
849 409
849 410
849 411
849 412
849 413
849 414
849 415
849 416
849 417
849 418
849 419
849 420
849 421
849 422
849 423
849 424
849 425
849 426
849 427
849 428
849 429
849 430
849 431
849 432
849 433
849 434
849 435
849 436
849 437
849 438
849 439
849 440
849 441
849 442
849 443
849 444
849 445
849 446
849 447
849 448
849 449
849 450
849 451
849 452
849 453
849 454
849 455
849 456
849 457
849 458
849 459
849 460
849 461
849 462
849 463
849 464
849 465
849 466
849 467
849 468
849 469
849 470
849 471
849 472
849 473
849 474
849 475
849 476
849 477
849 478
849 479
849 480
849 481
849 482
849 483
849 484
849 485
849 486
849 487
849 488
849 489
849 490
849 491
849 492
849 493
849 494
849 495
849 496
849 497
849 498
849 499
849 500
849 501
849 502
849 503
849 504
849 505
849 506
849 507
849 508
849 509
849 510
849 511
849 512
849 513
849 514
849 515
849 516
849 517
849 518
849 519
849 520
849 521
849 522
849 523
849 524
849 525
849 526
849 527
849 528
849 529
849 530
849 531
849 532
849 533
849 534
849 535
849 536
849 537
849 538
849 539
849 540
849 541
849 542
849 543
849 544
849 545
849 546
849 547
849 548
849 549
849 550
849 551
849 552
849 553
849 554
849 555
849 556
849 557
849 558
849 559
849 560
849 561
849 562
849 563
849 564
849 565
849 566
849 567
849 568
849 569
849 570
849 571
849 572
849 573
849 574
849 575
849 576
849 577
