102
812 985
811 985
810 985
809 985
808 985
807 985
806 985
805 985
804 985
803 985
802 985
801 985
800 985
799 985
798 985
797 985
796 985
795 985
794 985
793 985
792 985
791 985
790 985
789 985
788 985
787 985
786 985
785 985
784 985
783 985
782 985
781 985
780 985
779 985
778 985
777 985
776 985
775 985
774 985
773 985
772 985
771 985
770 985
769 985
768 985
767 985
766 985
765 985
764 985
763 985
762 985
761 985
760 985
759 985
758 985
757 985
756 985
755 985
754 985
753 985
752 985
751 985
750 985
749 985
748 985
747 985
746 985
745 985
744 985
743 985
742 985
741 985
740 985
739 985
738 985
737 985
736 985
735 985
734 985
733 985
732 985
731 985
730 985
729 985
728 985
728 984
728 983
728 982
728 981
728 980
728 979
728 978
728 977
728 976
728 975
728 974
728 973
728 972
728 971
728 970
728 969
728 968
