Case 1:
0
0
1
0
0
0
2
0
0
0
0
0
2
0
1
1
0
1
1
0
1
2
1
0
0
0
0
0
1
0
Case 2:
1
0
0
0
2
3
2
2
1
0
4
0
1
0
0
97
0
1
0
0
16
0
0
Case 3:
1
2
1
0
1
0
0
50
5
Case 4:
0
0
68
0
0
4
0
3
1
1
0
0
0
0
0
Case 5:
0
0
1
0
15
0
18
0
27
0
0
0
0
0
15
4
4
0
1
1
1
1
0
15
1
0
0
27
0
18
0
0
0
0
0
4
Case 6:
2
0
0
1
0
1
1
0
1
Case 7:
0
0
0
2
2
0
1
1
0
0
0
0
1
4
9
0
0
0
1
0
3
0
2
0
1
3
0
0
2
1
0
1
0
Case 8:
0
Case 9:
0
1
0
0
1
1
1
0
0
1
1
0
1
0
0
0
0
0
0
0
0
0
Case 10:
2
50
0
0
0
0
0
0
0
62
Case 11:
0
3
1
0
1
0
Case 12:
0
2
0
0
0
1
0
0
1
0
1
1
1
0
3
0
0
0
0
0
0
1
0
3
0
1
1
0
0
4
0
1
0
0
0
0
0
0
0
1
0
1
0
0
0
0
0
0
0
Case 13:
0
0
0
94
2
1
0
0
1
1
0
0
1
0
0
0
0
0
Case 14:
0
0
0
0
1
0
0
0
2
0
0
0
1
0
0
0
1
0
1
0
0
0
0
0
0
0
3
0
1
0
0
1
1
0
1
78
69
1
0
0
0
0
1
0
0
0
Case 15:
0
0
0
0
2
0
0
0
0
1
1
2
0
0
0
1
2
0
4
2
1
0
0
0
Case 16:
0
0
0
0
1
0
1
0
0
0
3
1
0
3
0
0
0
0
0
2
0
0
0
0
0
2
0
0
1
0
0
0
1
0
2
0
2
0
0
0
0
0
Case 17:
0
0
3
1
2
2
0
0
4
0
0
0
2
0
0
0
1
0
0
0
1
0
0
5
Case 18:
1
0
0
2
0
0
1
0
1
0
0
2
0
0
0
1
94
0
80
1
0
0
1
0
0
0
1
1
0
0
Case 19:
0
0
0
0
1
1
0
3
0
43
62
0
49
0
1
0
43
62
0
1
Case 20:
1
0
2
2
1
0
1
0
2
1
1
1
2
0
0
0
0
0
0
0
0
4
0
0
0
0
1
0
2
Case 21:
0
0
1
0
1
2
0
1
0
1
0
0
0
Case 22:
3
0
0
1
1
0
1
0
1
0
1
0
1
1
1
1
1
1
0
83
0
0
Case 23:
1
0
89
2
1
0
0
0
3
0
0
0
1
3
0
0
0
0
0
33
0
Case 24:
1
0
2
2
2
0
0
2
0
0
0
0
0
1
0
1
1
1
0
1
0
0
0
0
0
0
2
0
2
0
0
1
0
0
1
0
0
0
1
0
0
Case 25:
1
0
0
0
0
25
2
1
1
0
1
0
0
0
73
0
8
2
20
0
0
Case 26:
0
0
1
1
0
0
0
0
0
0
1
0
0
1
0
0
Case 27:
0
0
1
1
0
0
0
1
0
1
0
1
0
0
0
0
1
0
4
0
1
1
0
0
1
4
0
1
0
1
0
0
Case 28:
0
0
0
0
1
0
0
0
1
0
0
0
0
Case 29:
0
1
0
1
2
0
0
0
0
1
0
0
29
0
1
71
Case 30:
0
0
0
1
1
4
0
0
0
0
