95
36 0.762
84 0.960
92 0.806
9 0.593
37 0.853
8000 1.000
37 0.684
26 0.638
4 1.0
9 0.938
100 0.586
3984 0.930
4 0.949
4242 0.705
28 0.786
13 0.720
31 0.837
101 0.926
9 0.592
81 0.825
2 1.0
2 0.684
35 0.934
81 0.743
3 1.0
57 0.884
82 0.520
100 0.685
11 0.501
20 0.591
2 0.574
46 0.816
64 0.833
3 0.5
9 0.87
10 0.572
94 0.726
68 0.579
44 0.543
23 0.974
3127 0.873
94 0.561
98 0.790
2 0.500
68 0.586
4664 0.797
29 0.711
43 0.824
82 0.993
40 0.553
2 0.6
27 0.504
43 0.710
47 0.580
37 0.795
84 0.983
26 0.509
67 0.886
62 0.646
56 0.818
33 0.720
91 0.844
41 0.968
7 0.505
98 0.752
17 0.882
44 0.828
64 0.828
24 0.975
65 0.974
5 0.678
2000 0.5
27 0.517
66 0.532
8000 0.500
8000 0.684
53 0.728
24 0.887
38 0.964
20 0.75
16 0.975
17 0.511
91 0.736
38 0.515
16 0.599
87 0.670
59 0.759
200 0.999
75 0.551
2788 0.719
5 0.615
2 1.000
82 0.985
42 0.533
88 0.863
