500
300 300 2
1 1
1 3
3 1
3 3 2
3 3
3 2
2 2
3 3 1
1 1
2 2
53 220 2
34 30
38 1
3 7
23 3 2
3 2
8 3
21 2
4 271 2
2 236
3 168
3 89
267 141 2
37 110
151 96
107 43
3 3 2
1 1
2 1
2 2
3 295 2
2 275
3 128
2 162
111 3 2
6 1
2 1
33 2
4 4 2
2 2
3 1
4 4
3 102 2
2 75
3 32
1 100
3 3 2
3 2
2 2
1 1
3 3 2
3 2
1 3
2 2
205 300 2
201 8
20 2
31 214
3 106 2
3 61
1 89
1 15
3 3 2
3 2
1 2
3 3
3 21 2
1 1
1 14
3 11
3 3 2
1 2
3 1
3 2
254 32 2
29 17
40 5
204 24
4 3 2
4 3
1 1
3 1
217 9 2
213 5
194 9
114 4
3 3 2
1 1
3 3
2 2
226 209 2
148 7
177 8
222 185
4 4 2
1 2
3 1
4 3
4 4 2
1 2
1 3
1 4
75 212 2
29 10
7 63
14 54
8 244 2
7 164
6 70
5 212
269 115 2
92 59
110 86
73 22
4 4 2
1 1
4 4
2 2
125 150 1
40 98
67 93
117 3 2
79 2
60 3
18 3
3 3 2
1 3
2 3
2 2
280 58 2
41 14
270 57
220 10
3 34 2
1 8
2 22
3 16
4 3 2
3 3
4 1
4 3
291 211 2
208 67
155 167
81 199
237 77 2
212 65
101 72
46 47
4 3 2
4 2
1 1
3 1
3 3 2
1 3
2 2
1 1
268 259 2
204 3
6 162
234 122
3 3 2
1 2
3 3
3 2
149 7 2
41 2
121 7
117 1
81 278 2
53 267
65 48
22 125
135 109 2
26 108
35 44
133 76
268 238 2
74 172
147 15
180 97
3 3 2
2 1
1 1
1 3
4 3 2
3 2
4 3
1 2
168 75 2
47 3
20 35
4 10
71 182 2
67 51
66 66
12 46
3 4 2
2 3
3 2
3 1
135 76 2
86 62
79 36
131 27
3 3 2
2 1
1 3
3 1
112 255 2
102 227
98 137
60 252
8 8 2
8 1
8 8
1 1
3 3 2
3 1
3 2
2 2
180 3 2
42 3
180 2
88 2
3 3 2
2 2
3 3
1 3
258 3 2
163 3
211 2
191 3
3 97 2
1 67
3 9
2 27
166 179 2
10 48
21 162
151 116
3 3 2
3 2
1 1
3 3
226 3 2
23 1
182 1
6 2
176 3 2
159 3
79 3
42 3
228 74 2
165 60
155 6
100 47
285 188 2
37 170
182 88
284 169
223 3 2
223 2
154 3
99 3
300 5 2
2 3
15 2
300 5
4 4 2
2 3
2 4
4 3
4 3 2
4 1
3 2
1 1
173 44 2
143 12
80 26
129 22
136 3 2
125 1
21 3
52 2
3 23 2
2 20
2 21
1 2
94 3 2
35 3
42 1
69 2
3 4 2
2 4
1 2
3 3
4 4 2
2 4
4 1
4 3
3 3 2
1 3
3 1
1 1
166 168 2
32 44
25 139
27 129
32 233 2
20 29
4 47
23 28
94 26 2
29 21
61 19
22 19
3 3 2
2 3
2 2
2 1
4 4 2
3 2
2 1
2 2
3 191 2
3 184
2 46
1 113
126 3 2
47 1
42 3
62 3
3 95 2
1 71
1 53
1 77
296 63 2
5 30
78 47
40 32
3 3 2
3 1
3 3
2 1
3 3 2
2 1
2 2
3 2
3 4 2
3 1
2 1
1 3
3 53 2
1 31
2 42
1 23
3 3 2
1 3
2 3
3 1
3 3 2
3 1
3 2
1 2
4 4 2
4 4
3 2
3 3
4 4 2
1 4
4 4
2 2
20 3 2
4 1
17 2
8 2
4 4 2
3 3
2 2
1 4
13 4 2
13 1
4 2
10 1
245 270 2
17 71
135 265
76 145
3 98 2
1 12
2 2
1 81
4 3 2
4 3
2 3
1 2
108 108 2
5 61
92 63
25 68
149 231 2
108 106
134 196
81 77
54 202 2
25 8
24 46
39 89
154 261 2
94 84
21 55
116 213
215 67 2
71 56
95 55
88 21
3 3 2
3 3
2 1
2 2
58 3 2
6 1
16 3
38 2
3 3 2
3 2
3 1
2 1
127 291 2
14 43
21 103
104 264
296 231 2
220 166
98 17
194 46
19 3 2
4 3
18 3
18 1
3 3 2
2 1
2 2
3 3
4 3 2
4 2
3 3
3 2
3 294 2
2 139
2 81
2 220
204 268 1
4 197
14 18
88 83 2
66 62
69 43
25 57
129 232 2
49 217
27 217
30 198
298 35 2
61 20
83 34
66 34
250 169 2
74 30
35 60
115 56
190 195 2
71 146
82 8
37 161
276 3 2
246 1
145 2
41 3
69 68 2
9 23
26 16
9 44
4 3 2
1 2
3 2
3 3
3 4 2
2 3
2 1
2 2
3 3 2
1 2
2 1
3 1
4 4 2
1 2
4 3
2 2
3 3 2
1 2
2 3
2 1
3 130 2
2 1
2 91
2 8
257 193 2
70 126
143 140
136 51
3 4 2
1 4
1 3
3 4
253 202 2
75 120
51 5
228 92
267 136 2
100 69
55 84
242 32
255 81 2
74 12
4 67
27 50
4 3 2
1 1
4 3
4 1
236 34 2
113 25
18 8
72 34
72 300 2
38 228
56 46
44 66
243 3 2
178 2
212 3
233 3
3 3 2
2 1
1 3
2 3
71 87 2
36 44
1 87
71 1
4 3 2
4 2
1 1
4 3
4 3 2
2 1
3 1
2 2
4 4 2
4 2
3 3
4 1
3 3 2
1 2
3 2
2 3
188 227 2
88 218
74 176
70 79
4 4 2
3 1
2 4
4 2
3 3 2
3 2
3 3
1 3
168 21 2
163 10
97 9
138 21
180 209 1
112 135
66 93
180 160 2
76 144
177 64
151 55
3 3 2
1 3
3 2
2 1
186 253 1
25 75
130 15
300 300 2
1 1
1 2
2 1
4 3 2
4 1
4 3
3 3
3 173 2
3 22
2 139
2 87
3 4 2
2 2
1 1
1 3
4 4 2
4 2
2 1
3 4
3 4 2
3 1
1 3
2 1
63 165 2
45 1
26 71
34 83
4 4 2
1 3
3 2
2 4
236 237 2
120 68
149 127
232 6
3 4 2
2 2
3 4
1 4
3 23 2
2 7
2 2
3 9
3 3 2
3 3
3 2
1 1
90 125 2
31 64
79 107
63 117
168 157 2
27 14
154 68
46 114
3 3 2
3 2
2 1
3 1
3 3 2
3 2
2 2
2 1
101 3 2
33 3
15 3
23 1
103 122 2
91 3
32 104
42 57
248 275 2
86 128
145 122
16 19
284 3 2
264 1
245 2
217 1
3 3 2
1 2
2 3
1 3
3 132 2
3 96
3 13
3 87
226 61 2
118 38
84 50
213 36
4 4 2
4 3
2 3
2 1
3 3 2
1 1
2 2
1 2
3 3 2
2 1
1 3
2 3
3 3 2
2 1
3 3
1 1
3 296 2
1 145
1 287
1 100
297 3 2
153 2
222 3
27 1
4 4 2
1 1
3 4
4 4
3 39 2
2 13
2 24
1 13
3 10 2
2 10
1 9
3 9
134 195 2
95 91
74 21
55 111
230 263 2
123 171
209 96
155 221
3 4 2
3 1
3 4
2 2
3 3 2
3 1
1 3
2 1
285 209 2
182 20
125 50
228 189
100 197 2
9 189
63 138
11 143
140 156 2
49 61
128 141
47 22
3 3 2
1 1
3 1
2 2
20 272 2
7 12
12 50
20 140
3 3 2
3 2
1 3
1 1
46 3 2
5 2
39 3
20 1
3 3 2
1 1
1 3
3 1
3 3 2
2 3
1 1
2 1
4 4 2
4 3
1 3
2 3
71 87 2
36 44
1 87
71 1
3 95 2
2 67
3 88
1 13
286 159 2
237 1
217 71
275 97
3 3 2
3 3
2 2
1 2
96 3 2
40 1
30 1
65 2
67 25 2
32 10
66 3
21 18
3 4 2
1 4
3 4
3 1
4 4 2
3 2
4 1
1 3
3 4 2
3 4
2 1
3 3
3 3 2
2 2
3 1
1 2
9 54 2
1 13
5 54
8 9
4 4 2
1 2
4 1
3 4
32 3 2
3 3
8 2
9 1
241 3 2
24 1
88 3
194 2
186 263 2
90 115
175 74
38 165
4 4 2
1 3
1 4
4 1
3 3 2
1 1
1 3
3 1
4 4 2
3 3
2 4
2 2
4 4 2
2 3
2 2
4 1
60 262 2
8 63
29 37
40 141
4 4 2
1 4
4 4
2 2
147 17 2
88 4
116 12
126 13
4 3 2
3 1
1 1
3 3
228 3 2
65 2
112 2
207 3
3 4 2
3 2
2 4
1 3
276 3 2
161 3
177 2
89 2
3 261 2
2 207
1 163
1 220
117 62 2
77 38
48 42
40 45
153 285 2
10 36
90 263
121 210
4 3 2
4 2
1 1
3 2
22 3 2
15 2
22 2
19 3
3 3 2
2 1
2 2
3 1
3 3 2
2 2
1 2
1 3
3 3 2
3 3
3 1
1 3
75 44 2
33 40
47 7
46 22
198 3 2
7 1
50 1
103 1
158 63 2
43 4
33 57
88 55
3 294 2
2 133
2 29
2 136
4 3 2
2 2
2 3
3 2
199 288 2
190 109
125 55
178 116
3 3 2
3 1
3 3
1 2
180 3 2
75 3
1 3
112 2
3 3 2
3 3
3 1
3 2
3 3 2
2 2
1 3
1 1
241 3 2
6 2
229 3
155 3
4 4 2
4 3
3 3
3 1
3 3 2
3 2
2 3
1 1
4 4 2
4 2
4 4
2 4
4 3 2
2 3
2 2
2 1
3 3 2
3 2
1 1
2 3
3 3 2
3 3
2 1
2 2
249 262 2
173 108
144 110
53 92
7 7 2
4 4
1 7
2 7
3 159 2
1 116
2 89
2 101
3 90 2
2 32
3 52
3 31
3 3 2
1 3
2 3
3 2
3 3 2
1 1
2 1
3 1
16 102 2
15 94
8 47
4 6
175 284 2
116 12
113 282
42 124
17 3 2
11 2
17 3
13 3
109 300 2
31 290
66 235
76 294
4 4 2
1 4
1 2
3 4
215 270 1
25 154
16 124
243 180 2
179 64
37 44
182 52
20 225 2
20 127
4 90
13 130
174 93 2
18 43
173 13
40 22
3 3 2
3 2
1 2
2 3
141 267 2
131 38
1 215
3 95
3 4 2
1 4
3 2
2 3
214 283 2
164 172
64 221
191 274
158 3 2
157 1
149 2
34 2
191 3 2
48 3
12 2
154 2
4 3 2
4 2
1 1
2 1
142 138 2
37 101
127 118
81 49
3 3 2
1 3
3 3
2 2
3 3 2
2 2
2 3
1 2
299 3 2
9 2
217 2
138 2
17 222 2
12 142
4 130
1 132
214 3 2
101 2
68 3
85 2
3 3 2
2 3
1 3
3 2
3 274 2
3 150
2 241
3 253
300 5 2
2 3
15 2
300 5
12 42 2
9 6
8 24
11 36
3 3 2
2 3
3 3
1 3
4 3 2
4 3
1 3
2 3
116 180 2
88 84
50 38
29 131
64 245 2
5 28
17 9
22 240
63 33 2
34 6
15 5
47 24
170 30 2
50 8
164 1
12 2
4 4 2
1 4
1 3
3 1
48 230 2
5 227
26 141
6 110
74 3 2
3 1
62 2
27 3
196 103 2
55 12
31 70
68 53
144 3 2
89 3
100 3
129 1
3 3 2
2 3
1 1
2 1
3 3 2
2 2
3 2
2 3
135 243 2
8 109
99 64
94 103
3 3 2
3 1
2 3
1 2
260 248 2
212 121
112 198
193 141
114 3 2
14 2
40 3
37 1
3 3 2
2 3
2 2
3 3
249 4 2
185 1
158 1
162 3
4 4 2
4 2
2 3
2 4
4 3 2
4 2
3 3
2 3
217 161 2
147 105
110 24
170 151
114 295 2
14 197
72 241
72 292
3 3 2
1 1
2 2
3 3
275 150 2
111 10
185 22
90 142
113 3 2
31 1
42 2
91 2
8 8 2
8 1
8 8
1 1
3 3 2
1 1
2 1
3 3
64 223 2
5 170
33 136
34 45
3 267 2
2 189
3 88
3 150
219 150 1
80 132
79 143
3 3 2
3 1
1 2
2 2
3 3 2
3 2
1 1
2 1
4 4 2
4 2
1 4
4 3
3 3 2
1 2
2 3
2 2
3 276 2
2 102
2 208
2 128
114 235 2
86 224
97 63
55 47
3 3 2
2 3
3 1
1 2
3 3 2
3 3
1 3
1 2
162 171 2
46 128
112 131
4 46
201 177 2
45 174
72 46
197 86
3 3 2
3 1
2 3
1 3
3 25 2
2 23
3 20
2 14
4 4 2
1 2
4 4
3 1
3 3 2
3 1
2 1
1 1
97 274 2
70 76
62 269
85 57
3 257 2
1 233
1 11
1 17
4 4 2
1 1
1 2
2 3
3 13 2
2 11
3 7
3 8
3 3 2
3 2
1 1
2 2
50 3 2
18 1
4 3
15 3
279 246 2
235 9
132 107
27 6
228 109 2
106 51
114 80
153 61
3 6 2
1 1
2 4
3 3
223 130 2
95 101
196 15
9 117
160 77 2
156 58
106 65
56 49
242 173 2
210 29
94 76
144 64
3 33 2
3 7
1 18
2 29
3 3 2
1 1
3 3
1 3
261 165 2
41 95
240 143
110 149
19 3 2
10 2
1 1
2 2
3 3 2
1 3
2 1
3 3
198 3 2
55 1
177 2
71 1
111 31 2
65 15
35 4
107 5
3 3 2
3 2
1 2
2 1
158 34 2
135 16
61 7
66 11
245 3 2
69 2
231 2
54 2
4 3 2
2 1
1 3
2 2
3 3 2
1 1
2 3
2 1
196 284 2
166 92
88 177
39 240
44 170 2
9 42
25 61
42 46
4 4 2
2 3
3 4
4 2
4 3 2
3 2
3 3
1 1
298 116 2
20 54
42 64
181 36
3 187 2
2 63
1 22
2 78
3 93 2
2 9
1 51
2 53
3 3 2
3 2
3 1
1 3
268 3 2
251 2
170 2
158 3
222 107 2
187 74
94 24
176 107
3 4 2
3 2
1 2
2 2
36 218 2
5 181
13 188
33 208
4 4 2
1 3
3 2
3 4
233 109 2
2 62
134 9
28 9
4 3 2
2 1
3 2
4 3
3 120 2
1 3
2 12
1 34
22 269 2
8 211
18 92
19 136
34 34 2
30 21
26 13
16 18
148 210 2
16 80
70 65
148 159
231 3 2
50 3
212 2
116 3
4 4 2
4 2
2 1
1 2
3 3 2
3 1
2 3
1 1
4 4 2
1 3
4 4
2 4
234 157 2
2 15
150 2
44 16
3 3 2
1 3
1 2
1 1
21 119 2
16 47
11 59
17 49
4 4 2
1 2
4 3
2 1
4 3 2
1 2
3 2
1 1
241 128 2
140 124
214 90
197 122
22 55 2
10 6
1 5
20 21
116 138 2
56 86
28 44
110 102
12 292 2
2 85
7 131
9 20
4 4 2
2 3
2 4
2 1
132 44 2
122 19
56 4
88 10
4 4 2
3 4
1 3
3 2
43 180 2
40 104
14 48
30 115
298 3 2
101 2
276 1
259 1
20 243 2
9 4
17 17
6 178
3 37 2
3 29
3 35
3 4
227 3 2
138 3
72 2
86 3
47 3 2
46 3
2 3
36 2
3 3 2
1 1
3 3
1 3
244 3 2
220 2
182 2
60 1
4 4 2
3 2
4 2
2 2
3 193 2
1 69
1 37
3 181
25 65 2
5 10
6 16
7 9
180 96 2
108 61
35 16
78 14
296 3 2
88 1
237 1
65 2
3 3 2
3 1
2 1
3 2
4 3 2
4 1
3 3
2 3
283 210 2
173 59
184 92
59 109
31 134 2
16 26
19 122
25 46
162 228 2
34 208
32 123
151 59
5 127 2
3 33
4 37
5 79
55 4 2
27 3
37 4
35 2
4 4 2
3 3
2 4
1 4
3 3 2
1 3
2 2
1 1
3 276 2
2 25
3 99
3 19
3 3 1
1 1
2 2
3 3 2
3 3
2 2
2 3
3 20 2
3 18
1 11
1 5
109 3 2
37 3
79 1
96 1
252 3 2
44 1
231 1
8 2
31 224 2
27 151
13 176
31 74
280 234 1
221 97
32 26
4 3 2
4 1
3 2
4 3
4 4 2
4 4
2 2
4 2
4 3 2
2 3
2 1
2 2
3 3 2
1 1
2 1
3 2
4 4 2
2 2
4 2
2 3
9 238 2
8 156
5 230
4 8
3 82 2
1 80
2 68
2 54
138 112 2
36 65
32 20
91 99
101 3 2
7 2
58 1
16 3
99 3 2
18 3
75 1
20 2
33 3 2
10 2
10 1
9 3
4 3 2
4 3
3 1
4 1
4 4 2
3 4
2 1
3 1
3 120 2
3 114
2 58
3 26
171 234 2
58 26
69 153
83 50
3 256 2
3 162
3 208
2 250
3 5 2
1 1
3 2
3 1
3 3 2
2 3
3 2
3 3
4 3 2
4 3
1 3
3 3
3 10 2
2 10
1 9
3 9
239 139 2
67 64
64 105
85 23
104 3 2
47 1
64 2
79 1
149 123 2
16 106
78 24
139 123
3 3 2
2 3
1 1
2 2
259 179 2
141 162
185 106
101 127
3 3 2
3 2
2 3
1 3
3 4 2
2 1
2 2
1 2
3 4 2
1 2
1 3
3 4
147 3 2
15 2
38 3
120 1
160 149 2
75 15
76 149
22 8
3 3 2
1 1
3 1
1 2
4 3 2
1 2
4 1
2 1
240 172 2
106 53
234 172
220 166
3 4 2
1 1
3 3
2 1
225 16 2
93 10
34 5
146 5
181 8 2
73 5
151 1
55 7
3 4 2
3 4
1 2
2 2
4 4 2
1 3
1 1
2 1
3 3 2
2 2
2 3
1 3
3 292 2
2 41
3 147
1 95
3 3 2
1 3
2 3
3 1
3 3 2
3 1
2 3
3 3
3 3 2
2 2
1 3
1 1
4 3 2
3 1
3 3
4 1
3 3 2
2 3
2 2
1 2
225 249 2
178 100
129 202
130 184
3 3 2
1 3
3 2
1 1
290 279 2
170 194
45 3
137 190
4 3 2
2 1
4 3
3 1
239 96 2
163 43
97 71
186 81
269 3 2
68 3
28 3
76 3
31 296 2
10 119
5 234
6 72
129 253 2
65 118
106 220
24 26
55 53 2
48 42
39 31
29 10
68 37 2
26 6
48 36
37 30
67 25 2
32 10
66 3
21 18
32 154 2
19 97
11 9
6 111
4 4 2
1 1
2 1
4 1
39 189 2
7 53
23 32
20 27
242 166 2
75 106
2 83
105 43
3 3 2
1 1
2 2
1 2
4 4 2
3 2
3 4
1 3
140 38 2
96 34
11 3
128 13
296 79 2
158 66
257 62
100 19
225 143 2
130 66
57 15
71 34
124 45 2
18 33
89 41
73 25
4 4 2
2 1
4 1
2 2
3 3 2
2 3
2 2
1 1
273 291 2
61 163
120 29
231 45
281 3 2
104 3
271 3
40 3
41 3 2
24 1
36 1
21 1
219 149 2
27 45
108 66
165 63
3 3 2
3 2
2 3
2 2
3 3 2
3 1
3 2
2 3
4 4 2
4 1
4 4
2 1
4 3 2
1 2
4 2
1 3
174 120 2
62 54
85 117
57 9
300 187 2
288 42
78 11
107 58
184 238 2
179 45
137 177
183 9
142 5 2
126 5
29 1
49 2
3 3 2
1 3
3 2
1 2
82 3 2
20 3
51 3
16 3
4 4 2
3 2
3 1
4 2
257 294 2
117 290
188 102
74 103
148 195 2
18 127
16 35
77 189
4 4 2
4 4
1 1
3 3
